Perturbation	Apofrac1	Apofrac2	Apofrac3	Apofrac	Prolfrac1	Prolfrac2	Prolfrac3	Prolfrac4	Prolfrac
ER_transcription_2=0	1.0	1.0	0.6704	0.8352	1.0	0.0	0.0	0.0	0.125
ER_transcription=0	1.0	1.0	0.6662	0.8331	0.0	0.0	0.0	0.0	0.0
Proliferation_3=0	1.0	1.0	0.3979	0.69895	1.0	0.9998	0.0	0.0	0.249975
Proliferation_4=0	1.0	1.0	0.4047	0.70235	1.0	1.0	0.0	0.0	0.25
Proliferation_2=0	1.0	1.0	0.4014	0.7007	1.0	0.0	0.0	0.0	0.125
Proliferation=0	1.0	1.0	0.3938	0.6969	0.0	0.9999	1.0E-4	0.0	0.25
cycD_CDK46_2=0	1.0	1.0	0.4003	0.70015	1.0	0.0	0.0	0.0	0.125
Apoptosis_3=0	1.0	1.0	0.0	0.5	1.0	0.9997	1.0E-4	0.0	0.2499875
Apoptosis_2=0	1.0	0.0	0.4045	0.553375	1.0	0.9998	0.0	0.0	0.249975
Ipatasertib=0	1.0	1.0	0.402	0.701	1.0	0.9997	1.0E-4	0.0	0.2499875
cycE_CDK2_T=0	1.0	1.0	0.4083	0.70415	1.0	0.9998	0.0	0.0	0.249975
Palbociclib=0	1.0	1.0	0.404	0.702	1.0	0.9998	0.0	0.0	0.249975
Translation=0	1.0	1.0	0.4854	0.7427	1.0	0.9997	1.0E-4	0.0	0.2499875
Fulvestrant=0	1.0	1.0	0.4098	0.7049	1.0	0.9998	0.0	0.0	0.249975
cycD_CDK46=0	1.0	1.0	0.4048	0.7024	1.0E-4	0.0	0.0	0.0	1.25E-5
Trametinib=0	1.0	1.0	0.4093	0.70465	1.0	0.9998	1.0E-4	0.0	0.25
Everolimus=0	1.0	1.0	0.4021	0.70105	1.0	0.9996	1.0E-4	0.0	0.249975
Apoptosis=0	0.0	1.0	0.4046	0.7023	1.0	0.9998	0.0	0.0	0.249975
p21_p27_T=0	1.0	1.0	0.4032	0.7016	1.0	1.0	0.0	0.0	0.25
mTORC2_pm=0	1.0	1.0	0.3975	0.69875	1.0	0.9999	0.0	0.0	0.2499875
Neratinib=0	1.0	1.0	0.3972	0.6986	1.0	0.9996	0.0	0.0	0.24995
Alpelisib=0	0.0	0.0	0.0	0.0	1.0	1.0	1.0	0.0	0.5
cycE_CDK2=0	1.0	1.0	0.3985	0.69925	1.0	0.9995	0.0	0.0	0.2499375
cyclinD_2=0	1.0	1.0	0.3955	0.69775	1.0	0.0	0.0	0.0	0.125
HER2_3_2=0	1.0	1.0	0.4027	0.70135	1.0	0.9997	2.0E-4	0.0	0.2500125
FOXO3_Ub=0	1.0	1.0	0.4053	0.70265	1.0	0.9995	1.0E-4	0.0	0.2499625
IGF1R_T=0	1.0	1.0	0.4063	0.70315	1.0	0.9999	0.0	0.0	0.2499875
IGF1R_2=0	1.0	1.0	0.4053	0.70265	1.0	0.9999	1.0E-4	0.0	0.2500125
p21_p27=0	1.0	1.0	0.3993	0.69965	1.0	1.0	0.9995	0.0	0.499875
cyclinD=0	1.0	1.0	0.3984	0.6992	0.0	0.0	0.0	0.0	0.0
PDK1_pm=0	1.0	1.0	0.4111	0.70555	1.0	0.9998	1.0E-4	0.0	0.25
HER3_T=0	1.0	1.0	0.4001	0.70005	1.0	0.9999	0.0	0.0	0.2499875
PIP3_2=0	1.0	1.0	0.3966	0.6983	1.0	0.9997	1.0E-4	0.0	0.2499875
HER3_2=0	1.0	1.0	0.4136	0.7068	1.0	0.9998	0.0	0.0	0.249975
SGK1_T=0	1.0	1.0	0.4	0.7	1.0	0.9997	0.0	0.0	0.2499625
mTORC1=0	1.0	1.0	0.4705	0.73525	1.0	0.9997	2.0E-4	0.0	0.2500125
mTORC2=0	1.0	1.0	0.404	0.702	1.0	0.9997	0.0	0.0	0.2499625
ESR1_2=0	1.0	1.0	0.6616	0.8308	1.0	0.0	0.0	0.0	0.125
HER2_3=0	1.0	1.0	0.405	0.7025	1.0	0.9992	0.0	0.0	0.2499
MAPK_2=0	1.0	1.0	0.3966	0.6983	1.0	0.9999	1.0E-4	0.0	0.2500125
PRAS40=0	1.0	0.51	0.0	0.3775	1.0	1.0	0.9999	1.0E-4	0.500025
BCL2_T=0	1.0	1.0	0.6192	0.8096	1.0	1.0	1.0E-4	0.0	0.250025
PI3K_2=0	1.0	1.0	0.4037	0.70185	1.0	0.9997	1.0E-4	0.0	0.2499875
BIM_T=0	1.0	1.0	0.3954	0.6977	1.0	0.9998	1.0E-4	0.0	0.25
MYC_2=0	1.0	1.0	0.4054	0.7027	1.0	0.0	0.0	0.0	0.125
CDK46=0	1.0	1.0	0.393	0.6965	0.0	0.0	0.0	0.0	0.0
EIF4F=0	1.0	1.0	0.4674	0.7337	1.0	0.9995	0.0	0.0	0.2499375
FOXO3=0	1.0	0.3316	0.0	0.3329	1.0	0.0	0.0	0.0	0.125
KMT2D=0	1.0	1.0	0.6691	0.83455	1.0	0.0	0.0	0.0	0.125
E2F_3=0	1.0	1.0	0.4025	0.70125	1.0	0.9997	0.0	0.0	0.2499625
E2F_2=0	1.0	1.0	0.4024	0.7012	1.0	0.0	0.0	0.0	0.125
pRb_3=0	1.0	1.0	0.3989	0.69945	1.0	0.9997	0.0	0.0	0.2499625
pRb_2=0	1.0	1.0	0.4084	0.7042	1.0	0.0	0.0	0.0	0.125
RAS_3=0	1.0	1.0	0.4147	0.70735	1.0	0.9998	0.0	0.0	0.249975
RAS_2=0	1.0	1.0	0.3986	0.6993	1.0	0.9997	0.0	0.0	0.2499625
IGF1R=0	1.0	1.0	0.3879	0.69395	1.0	0.9996	0.0	0.0	0.24995
FOXA1=0	1.0	1.0	0.6697	0.83485	1.0	0.0	0.0	0.0	0.125
HER3=0	1.0	1.0	0.3962	0.6981	1.0	0.9997	1.0E-4	0.0	0.2499875
HER2=0	1.0	1.0	0.4047	0.70235	1.0	0.9999	0.0	0.0	0.2499875
BCL2=0	1.0	1.0	1.0	1.0	1.0	0.9997	1.0E-4	0.0	0.2499875
PBX1=0	1.0	1.0	0.6711	0.83555	1.0	0.0	0.0	0.0	0.125
ESR1=0	1.0	1.0	0.6678	0.8339	0.0	0.0	0.0	0.0	0.0
MCL1=0	1.0	1.0	0.5046	0.7523	1.0	0.9998	1.0E-4	0.0	0.25
SGK1=0	1.0	1.0	0.4018	0.7009	1.0	0.9996	1.0E-4	0.0	0.249975
PIP3=0	1.0	1.0	0.3959	0.69795	1.0	0.9998	2.0E-4	0.0	0.250025
MAPK=0	1.0	1.0	0.4001	0.70005	1.0	0.9996	2.0E-4	0.0	0.25
PDK1=0	1.0	1.0	0.4009	0.70045	1.0	0.9996	0.0	0.0	0.24995
PI3K=0	1.0	1.0	0.397	0.6985	1.0	1.0	0.0	0.0	0.25
PTEN=0	1.0	1.0	0.4008	0.7004	1.0	0.9994	1.0E-4	0.0	0.24995
PIM=0	1.0	1.0	0.4036	0.7018	1.0	0.9997	0.0	0.0	0.2499625
AKT=0	1.0	1.0	0.3904	0.6952	1.0	0.9997	1.0E-4	0.0	0.2499875
S6K=0	1.0	1.0	0.4656	0.7328	1.0	0.9996	0.0	0.0	0.24995
BIM=0	1.0	0.0	0.0	0.25	1.0	0.9999	1.0E-4	0.0	0.2500125
BAD=0	1.0	0.0	0.0	0.25	1.0	1.0	0.0	0.0	0.25
E2F=0	1.0	1.0	0.4053	0.70265	0.0	0.0	0.0	0.0	0.0
pRb=0	1.0	1.0	0.3978	0.6989	0.0	0.0	0.0	0.0	0.0
TSC=0	1.0	0.5145	0.0	0.378625	1.0	1.0	0.9996	0.0	0.4999
MYC=0	1.0	1.0	0.4065	0.70325	0.0	0.0	0.0	0.0	0.0
RAS=0	1.0	1.0	0.3952	0.6976	1.0	0.9996	0.0	0.0	0.24995
ER=0	1.0	1.0	0.6727	0.83635	2.0E-4	0.0	0.0	0.0	2.5E-5
ER_transcription_2=1	1.0	1.0	0.0367	0.51835	1.0	1.0	0.064	0.0	0.266
ER_transcription=1	1.0	1.0	0.3942	0.6971	1.0	0.9998	2.0E-4	0.0	0.250025
Proliferation_3=1	1.0	1.0	0.4103	0.70515	1.0	0.9997	1.0	0.0	0.5
Proliferation_4=1	1.0	1.0	0.3901	0.69505	1.0	0.9997	0.0	1.0	1.0
Proliferation_2=1	1.0	1.0	0.4055	0.70275	1.0	1.0	0.0	0.0	0.25
Proliferation=1	1.0	1.0	0.3997	0.69985	1.0	0.9999	0.0	0.0	0.2499875
cycD_CDK46_2=1	1.0	1.0	0.4084	0.7042	1.0	1.0	0.5872	0.0	0.3968
Apoptosis_3=1	1.0	1.0	1.0	1.0	1.0	0.9998	1.0E-4	0.0	0.25
Apoptosis_2=1	1.0	1.0	0.3993	0.69965	1.0	0.9996	0.0	0.0	0.24995
Ipatasertib=1	1.0	1.0	0.3974	0.6987	1.0	0.9999	0.0	0.0	0.2499875
cycE_CDK2_T=1	1.0	1.0	0.3996	0.6998	1.0	0.9998	0.0	0.0	0.249975
Palbociclib=1	1.0	1.0	0.4043	0.70215	0.0	0.0	0.0	0.0	0.0
Translation=1	1.0	0.5113	0.0	0.377825	1.0	1.0	0.9994	0.0	0.49985
Fulvestrant=1	1.0	1.0	0.6668	0.8334	2.0E-4	0.0	0.0	0.0	2.5E-5
cycD_CDK46=1	1.0	1.0	0.4081	0.70405	1.0	0.9992	0.0	0.0	0.2499
Trametinib=1	1.0	1.0	0.4062	0.7031	1.0	0.9998	0.0	0.0	0.249975
Everolimus=1	1.0	1.0	0.4633	0.73165	1.0	0.9999	1.0E-4	0.0	0.2500125
Apoptosis=1	1.0	1.0	0.3924	0.6962	1.0	0.9999	2.0E-4	0.0	0.2500375
p21_p27_T=1	1.0	1.0	0.4008	0.7004	1.0	0.9999	0.0	0.0	0.2499875
mTORC2_pm=1	1.0	1.0	0.3978	0.6989	1.0	0.9999	1.0E-4	0.0	0.2500125
Neratinib=1	1.0	1.0	0.3961	0.69805	1.0	0.9998	1.0E-4	0.0	0.25
Alpelisib=1	1.0	1.0	0.4061	0.70305	1.0	0.9995	1.0E-4	0.0	0.2499625
cycE_CDK2=1	1.0	1.0	0.4044	0.7022	1.0	1.0	0.9999	0.0	0.499975
cyclinD_2=1	1.0	1.0	0.4045	0.70225	1.0	1.0	0.4909	0.0	0.372725
HER2_3_2=1	0.0	0.0	0.0	0.0	1.0	1.0	1.0	0.0	0.5
FOXO3_Ub=1	1.0	0.3282	0.0	0.33205	1.0	0.0	0.0	0.0	0.125
IGF1R_T=1	1.0	1.0	0.3957	0.69785	1.0	0.9995	0.0	0.0	0.2499375
IGF1R_2=1	1.0	1.0	0.4043	0.70215	1.0	0.9997	1.0E-4	0.0	0.2499875
p21_p27=1	1.0	1.0	0.4053	0.70265	1.0	0.9998	0.0	0.0	0.249975
cyclinD=1	1.0	1.0	0.4007	0.70035	1.0	0.9999	1.0E-4	0.0	0.2500125
PDK1_pm=1	1.0	1.0	0.402	0.701	1.0	0.9995	0.0	0.0	0.2499375
HER3_T=1	1.0	1.0	0.4042	0.7021	1.0	0.9998	0.0	0.0	0.249975
PIP3_2=1	0.0	0.0	0.0	0.0	1.0	1.0	1.0	0.0	0.5
HER3_2=1	1.0	1.0	0.4074	0.7037	1.0	0.9995	0.0	0.0	0.2499375
SGK1_T=1	1.0	1.0	0.4038	0.7019	1.0	0.9996	0.0	0.0	0.24995
mTORC1=1	1.0	0.5064	0.0	0.3766	1.0	1.0	0.9997	1.0E-4	0.499975
mTORC2=1	1.0	1.0	0.3925	0.69625	1.0	0.9998	0.0	0.0	0.249975
ESR1_2=1	1.0	1.0	0.3376	0.6688	1.0	0.9998	1.0E-4	0.0	0.25
HER2_3=1	1.0	1.0	0.4141	0.70705	1.0	0.9996	1.0E-4	0.0	0.249975
MAPK_2=1	0.0	0.0	0.0	0.0	1.0	1.0	4.0E-4	0.0	0.2501
PRAS40=1	1.0	1.0	0.4059	0.70295	1.0	0.9996	0.0	0.0	0.24995
BCL2_T=1	1.0	1.0	0.0365	0.51825	1.0	0.9999	0.0	0.0	0.2499875
PI3K_2=1	0.0	0.0	0.0	0.0	1.0	1.0	1.0	0.0	0.5
BIM_T=1	1.0	1.0	0.4235	0.71175	1.0	0.9991	1.0E-4	0.0	0.2499125
MYC_2=1	1.0	1.0	0.3995	0.69975	1.0	1.0	0.1905	0.0	0.297625
CDK46=1	1.0	1.0	0.4002	0.7001	1.0	0.9995	1.0E-4	0.0	0.2499625
EIF4F=1	1.0	1.0	0.389	0.6945	1.0	1.0	3.0E-4	0.0	0.250075
FOXO3=1	1.0	1.0	0.3354	0.6677	1.0	0.9999	3.0E-4	0.0	0.2500625
KMT2D=1	1.0	1.0	0.3967	0.69835	1.0	0.9996	0.0	0.0	0.24995
E2F_3=1	1.0	1.0	0.3991	0.69955	1.0	1.0	1.0	0.0	0.5
E2F_2=1	1.0	1.0	0.3936	0.6968	1.0	1.0	1.0E-4	0.0	0.250025
pRb_3=1	1.0	1.0	0.3963	0.69815	1.0	1.0	1.0	0.0	0.5
pRb_2=1	1.0	1.0	0.4079	0.70395	1.0	1.0	0.0	0.0	0.25
RAS_3=1	1.0	1.0	0.4148	0.7074	1.0	0.9995	1.0E-4	0.0	0.2499625
RAS_2=1	1.0	1.0	0.4277	0.71385	1.0	0.9995	1.0E-4	0.0	0.2499625
IGF1R=1	1.0	1.0	0.3963	0.69815	1.0	0.9993	1.0E-4	0.0	0.2499375
FOXA1=1	1.0	1.0	0.3412	0.6706	1.0	0.9999	3.0E-4	0.0	0.2500625
HER3=1	1.0	1.0	0.4036	0.7018	1.0	1.0	1.0E-4	0.0	0.250025
HER2=1	1.0	0.9617	0.5237	0.755725	1.0	0.634	0.2725	0.0501	0.3032125
BCL2=1	1.0	1.0	0.0	0.5	1.0	0.9997	0.0	0.0	0.2499625
PBX1=1	1.0	1.0	0.4023	0.70115	1.0	1.0	0.0	0.0	0.25
ESR1=1	1.0	1.0	0.4049	0.70245	1.0	0.9999	0.0	0.0	0.2499875
MCL1=1	1.0	0.5105	0.0	0.377625	1.0	0.9994	0.0	0.0	0.249925
SGK1=1	1.0	0.0	0.0	0.25	1.0	1.0	0.0	0.0	0.25
PIP3=1	0.0	0.0	0.0	0.0	1.0	1.0	1.0	0.0	0.5
MAPK=1	1.0	0.0	0.0	0.25	1.0	0.9998	1.0E-4	0.0	0.25
PDK1=1	1.0	1.0	0.403	0.7015	1.0	0.9996	0.0	0.0	0.24995
PI3K=1	0.0	0.0	0.0	0.0	1.0	1.0	1.0	0.0	0.5
PTEN=1	1.0	1.0	0.3991	0.69955	1.0	0.9999	0.0	0.0	0.2499875
PIM=1	0.0	0.0	0.0	0.0	1.0	1.0	1.0	0.0	0.5
AKT=1	0.0	0.0	0.0	0.0	1.0	1.0	1.0	0.0	0.5
S6K=1	1.0	1.0	0.3955	0.69775	1.0	0.9997	1.0E-4	0.0	0.2499875
BIM=1	1.0	1.0	0.4389	0.71945	1.0	0.9993	0.0	0.0	0.2499125
BAD=1	1.0	1.0	0.4005	0.70025	1.0	0.9997	1.0E-4	0.0	0.2499875
E2F=1	1.0	1.0	0.3997	0.69985	1.0	1.0	0.0	0.0	0.25
pRb=1	1.0	1.0	0.397	0.6985	1.0	0.9995	0.0	0.0	0.2499375
TSC=1	1.0	1.0	0.4079	0.70395	1.0	1.0	0.0	0.0	0.25
MYC=1	1.0	1.0	0.3984	0.6992	1.0	0.9997	0.0	0.0	0.2499625
RAS=1	1.0	1.0	0.4068	0.7034	1.0	0.9999	0.0	0.0	0.2499875
ER=1	1.0	1.0	0.4109	0.70545	1.0	0.9995	0.0	0.0	0.2499375