0.0	0.0	0.0	0.0	0.0	0.0	0.0	0.0	0.0	0.0	0.0	0.0	0.0	0.0	0.0	0.0	0.0	0.0	0.0	0.0	0.0	0.0	0.0	0.0	0.0	0.0	0.0	0.0	0.0	0.0	0.0	0.0	0.0	0.0	0.0	0.0	0.0	0.0	0.0	0.0	0.0	0.0	0.0	0.0	0.0	0.0	0.0	0.0	0.0	0.0	0.0	0.0	0.0	0.0	0.0	0.0	0.0	0.0	0.0	0.0	0.0	0.0	0.0	0.0	0.0	0.0	0.0	0.0	0.0	0.0	0.0	0.0	0.0	0.0	0.0	0.0	0.0	0.0	0.0	0.0	0.0	0.0	0.0	0.0	0.0	0.0	0.0	0.0	0.0	0.0	0.0	0.0	0.0	0.0	0.0	0.0	0.0	0.0	0.0	0.0	
1.0	1.0	1.0	0.9816	0.9417	0.8802	0.8084	0.7373	0.6669	0.5953	0.5274	0.4679	0.4135	0.3642	0.3191	0.2764	0.2379	0.2074	0.1794	0.1545	0.1306	0.1099	0.0951	0.0802	0.069	0.0592	0.0509	0.0434	0.0359	0.0305	0.0257	0.0218	0.0176	0.0143	0.0122	0.0101	0.0091	0.0077	0.0063	0.0054	0.0045	0.0036	0.0033	0.0024	0.0021	0.0015	0.0012	0.0012	0.001	8.0E-4	8.0E-4	7.0E-4	6.0E-4	6.0E-4	5.0E-4	5.0E-4	5.0E-4	5.0E-4	4.0E-4	4.0E-4	3.0E-4	2.0E-4	1.0E-4	1.0E-4	1.0E-4	1.0E-4	1.0E-4	1.0E-4	1.0E-4	1.0E-4	0.0	0.0	0.0	0.0	0.0	0.0	0.0	0.0	0.0	0.0	0.0	0.0	0.0	0.0	0.0	0.0	0.0	0.0	0.0	0.0	0.0	0.0	0.0	0.0	0.0	0.0	0.0	0.0	0.0	0.0	
1.0	1.0	1.0	1.0	0.9991	0.9925	0.9738	0.9297	0.8602	0.7741	0.6734	0.5768	0.4846	0.4024	0.331	0.2747	0.2281	0.1842	0.1514	0.1228	0.1006	0.0804	0.0639	0.0512	0.0417	0.0347	0.0271	0.022	0.018	0.0151	0.012	0.0099	0.0077	0.0057	0.0043	0.0035	0.0031	0.0026	0.002	0.0016	0.0011	0.001	8.0E-4	8.0E-4	7.0E-4	5.0E-4	3.0E-4	3.0E-4	2.0E-4	2.0E-4	1.0E-4	1.0E-4	1.0E-4	1.0E-4	1.0E-4	1.0E-4	1.0E-4	1.0E-4	0.0	0.0	0.0	0.0	0.0	0.0	0.0	0.0	0.0	0.0	0.0	0.0	0.0	0.0	0.0	0.0	0.0	0.0	0.0	0.0	0.0	0.0	0.0	0.0	0.0	0.0	0.0	0.0	0.0	0.0	0.0	0.0	0.0	0.0	0.0	0.0	0.0	0.0	0.0	0.0	0.0	0.0	
0.0	0.0	0.0	0.0	0.0	0.0	0.0	0.0	0.0	0.0	0.0	0.0	0.0	0.0	0.0	0.0	0.0	0.0	0.0	0.0	0.0	0.0	0.0	0.0	0.0	0.0	0.0	0.0	0.0	0.0	0.0	0.0	0.0	0.0	0.0	0.0	0.0	0.0	0.0	0.0	0.0	0.0	0.0	0.0	0.0	0.0	0.0	0.0	0.0	0.0	0.0	0.0	0.0	0.0	0.0	0.0	0.0	0.0	0.0	0.0	0.0	0.0	0.0	0.0	0.0	0.0	0.0	0.0	0.0	0.0	0.0	0.0	0.0	0.0	0.0	0.0	0.0	0.0	0.0	0.0	0.0	0.0	0.0	0.0	0.0	0.0	0.0	0.0	0.0	0.0	0.0	0.0	0.0	0.0	0.0	0.0	0.0	0.0	0.0	0.0	
1.0	1.0	1.0	1.0	1.0	0.9998	0.999	0.9955	0.9806	0.9524	0.9117	0.8591	0.7924	0.7251	0.651	0.5782	0.51	0.446	0.39	0.3373	0.2908	0.2529	0.2171	0.1842	0.1587	0.1349	0.1149	0.0988	0.0839	0.0712	0.0609	0.0513	0.0428	0.0361	0.0302	0.0254	0.0204	0.0177	0.0151	0.0121	0.0102	0.0093	0.0079	0.0063	0.0056	0.0052	0.0047	0.0042	0.0036	0.0033	0.0026	0.0023	0.0018	0.0015	0.001	5.0E-4	5.0E-4	5.0E-4	5.0E-4	4.0E-4	3.0E-4	3.0E-4	3.0E-4	2.0E-4	2.0E-4	2.0E-4	1.0E-4	1.0E-4	1.0E-4	1.0E-4	1.0E-4	1.0E-4	1.0E-4	1.0E-4	1.0E-4	1.0E-4	1.0E-4	1.0E-4	1.0E-4	1.0E-4	1.0E-4	1.0E-4	1.0E-4	1.0E-4	0.0	0.0	0.0	0.0	0.0	0.0	0.0	0.0	0.0	0.0	0.0	0.0	0.0	0.0	0.0	0.0	
1.0	1.0	1.0	1.0	1.0	1.0	1.0	0.9997	0.9982	0.9941	0.986	0.9726	0.9505	0.918	0.8866	0.8441	0.7953	0.7438	0.69	0.6354	0.5855	0.5334	0.4841	0.4373	0.3916	0.3528	0.314	0.2786	0.2455	0.2164	0.188	0.1672	0.1496	0.1305	0.1134	0.0979	0.0851	0.0738	0.0647	0.0552	0.0486	0.0426	0.0359	0.0311	0.0272	0.0236	0.0204	0.0188	0.0154	0.0122	0.0103	0.008	0.0067	0.0059	0.0048	0.004	0.0036	0.0033	0.0032	0.0026	0.0022	0.0021	0.0015	9.0E-4	9.0E-4	9.0E-4	8.0E-4	8.0E-4	7.0E-4	6.0E-4	6.0E-4	4.0E-4	4.0E-4	3.0E-4	3.0E-4	3.0E-4	1.0E-4	1.0E-4	1.0E-4	1.0E-4	1.0E-4	1.0E-4	0.0	0.0	0.0	0.0	0.0	0.0	0.0	0.0	0.0	0.0	0.0	0.0	0.0	0.0	0.0	0.0	0.0	0.0	
0.0	0.0	0.0	0.0	0.0	0.0	0.0	0.0	0.0	0.0	0.0	0.0	0.0	0.0	0.0	0.0	0.0	0.0	0.0	0.0	0.0	0.0	0.0	0.0	0.0	0.0	0.0	0.0	0.0	0.0	0.0	0.0	0.0	0.0	0.0	0.0	0.0	0.0	0.0	0.0	0.0	0.0	0.0	0.0	0.0	0.0	0.0	0.0	0.0	0.0	0.0	0.0	0.0	0.0	0.0	0.0	0.0	0.0	0.0	0.0	0.0	0.0	0.0	0.0	0.0	0.0	0.0	0.0	0.0	0.0	0.0	0.0	0.0	0.0	0.0	0.0	0.0	0.0	0.0	0.0	0.0	0.0	0.0	0.0	0.0	0.0	0.0	0.0	0.0	0.0	0.0	0.0	0.0	0.0	0.0	0.0	0.0	0.0	0.0	0.0	
0.0	0.0	0.0	0.0	0.0	0.0	1.0E-4	6.0E-4	0.0034	0.0097	0.0211	0.0387	0.0647	0.0943	0.1237	0.1632	0.2056	0.2459	0.2873	0.3226	0.3616	0.3985	0.4295	0.4573	0.4818	0.5069	0.5275	0.5479	0.5634	0.5775	0.5918	0.6025	0.613	0.621	0.6273	0.6338	0.6397	0.6438	0.6473	0.6508	0.654	0.6558	0.6577	0.6593	0.6613	0.6626	0.6637	0.6643	0.665	0.6657	0.6658	0.6665	0.6667	0.6673	0.6677	0.6678	0.6678	0.6679	0.6679	0.668	0.6681	0.6682	0.6682	0.6682	0.6682	0.6682	0.6682	0.6682	0.6683	0.6683	0.6684	0.6685	0.6685	0.6685	0.6685	0.6685	0.6685	0.6685	0.6685	0.6685	0.6685	0.6685	0.6685	0.6685	0.6685	0.6685	0.6685	0.6685	0.6685	0.6685	0.6685	0.6685	0.6685	0.6685	0.6685	0.6685	0.6685	0.6685	0.6685	0.6685	
0.0	0.0	0.0	0.0	2.0E-4	0.002	0.0104	0.0273	0.0529	0.0952	0.1475	0.2067	0.2651	0.3291	0.3945	0.4618	0.5206	0.5733	0.6243	0.6713	0.7138	0.7546	0.7879	0.8154	0.8398	0.8644	0.8842	0.9017	0.9145	0.9269	0.9389	0.9487	0.9564	0.9631	0.969	0.973	0.9761	0.9798	0.9826	0.9854	0.9882	0.99	0.9917	0.9927	0.9941	0.995	0.9956	0.9962	0.9968	0.9972	0.9975	0.9981	0.9984	0.9986	0.999	0.9991	0.9992	0.9994	0.9996	0.9996	0.9997	0.9998	0.9998	0.9998	0.9999	0.9999	0.9999	0.9999	0.9999	0.9999	0.9999	0.9999	0.9999	0.9999	0.9999	0.9999	1.0	1.0	1.0	1.0	1.0	1.0	1.0	1.0	1.0	1.0	1.0	1.0	1.0	1.0	1.0	1.0	1.0	1.0	1.0	1.0	1.0	1.0	1.0	1.0	
0.0	0.0	0.0	0.0	0.0	0.0	0.0	0.0	0.0	0.0	0.0	0.0	0.0	0.0	0.0	0.0	0.0	0.0	0.0	0.0	0.0	0.0	0.0	0.0	0.0	0.0	0.0	0.0	0.0	0.0	0.0	0.0	0.0	0.0	0.0	0.0	0.0	0.0	0.0	0.0	0.0	0.0	0.0	0.0	0.0	0.0	0.0	0.0	0.0	0.0	0.0	0.0	0.0	0.0	0.0	0.0	0.0	0.0	0.0	0.0	0.0	0.0	0.0	0.0	0.0	0.0	0.0	0.0	0.0	0.0	0.0	0.0	0.0	0.0	0.0	0.0	0.0	0.0	0.0	0.0	0.0	0.0	0.0	0.0	0.0	0.0	0.0	0.0	0.0	0.0	0.0	0.0	0.0	0.0	0.0	0.0	0.0	0.0	0.0	0.0	
1.0	1.0	1.0	1.0	1.0	1.0	0.9998	0.9984	0.9965	0.9906	0.9801	0.9624	0.9369	0.9036	0.8666	0.8274	0.7826	0.7326	0.6803	0.6248	0.5722	0.5231	0.4742	0.4279	0.3835	0.3424	0.3087	0.2758	0.2435	0.2151	0.188	0.1649	0.1448	0.1267	0.1122	0.0963	0.0814	0.0704	0.0599	0.0515	0.0441	0.0383	0.0327	0.0291	0.0257	0.0211	0.0184	0.0151	0.0134	0.0109	0.0093	0.0083	0.007	0.006	0.0051	0.0045	0.0042	0.0036	0.0029	0.0024	0.0023	0.0022	0.0015	0.0012	0.0012	0.0011	9.0E-4	8.0E-4	5.0E-4	5.0E-4	4.0E-4	4.0E-4	4.0E-4	4.0E-4	4.0E-4	3.0E-4	3.0E-4	3.0E-4	2.0E-4	1.0E-4	1.0E-4	1.0E-4	1.0E-4	1.0E-4	1.0E-4	0.0	0.0	0.0	0.0	0.0	0.0	0.0	0.0	0.0	0.0	0.0	0.0	0.0	0.0	0.0	
0.0	0.0	1.0	1.0	1.0	1.0	1.0	1.0	1.0	1.0	1.0	1.0	1.0	1.0	1.0	1.0	1.0	1.0	1.0	1.0	1.0	1.0	1.0	1.0	1.0	1.0	1.0	1.0	1.0	1.0	1.0	1.0	1.0	1.0	1.0	1.0	1.0	1.0	1.0	1.0	1.0	1.0	1.0	1.0	1.0	1.0	1.0	1.0	1.0	1.0	1.0	1.0	1.0	1.0	1.0	1.0	1.0	1.0	1.0	1.0	1.0	1.0	1.0	1.0	1.0	1.0	1.0	1.0	1.0	1.0	1.0	1.0	1.0	1.0	1.0	1.0	1.0	1.0	1.0	1.0	1.0	1.0	1.0	1.0	1.0	1.0	1.0	1.0	1.0	1.0	1.0	1.0	1.0	1.0	1.0	1.0	1.0	1.0	1.0	1.0	
1.0	1.0	1.0	1.0	0.9977	0.9768	0.9093	0.7848	0.6189	0.4545	0.3102	0.2013	0.1255	0.0728	0.0439	0.0228	0.0128	0.0062	0.0032	0.0017	8.0E-4	4.0E-4	2.0E-4	1.0E-4	0.0	0.0	0.0	0.0	0.0	0.0	0.0	0.0	0.0	0.0	0.0	0.0	0.0	0.0	0.0	0.0	0.0	0.0	0.0	0.0	0.0	0.0	0.0	0.0	0.0	0.0	0.0	0.0	0.0	0.0	0.0	0.0	0.0	0.0	0.0	0.0	0.0	0.0	0.0	0.0	0.0	0.0	0.0	0.0	0.0	0.0	0.0	0.0	0.0	0.0	0.0	0.0	0.0	0.0	0.0	0.0	0.0	0.0	0.0	0.0	0.0	0.0	0.0	0.0	0.0	0.0	0.0	0.0	0.0	0.0	0.0	0.0	0.0	0.0	0.0	0.0	
0.0	0.0	1.0	1.0	1.0	1.0	1.0	1.0	1.0	1.0	1.0	1.0	1.0	1.0	1.0	1.0	1.0	1.0	1.0	1.0	1.0	1.0	1.0	1.0	1.0	1.0	1.0	1.0	1.0	1.0	1.0	1.0	1.0	1.0	1.0	1.0	1.0	1.0	1.0	1.0	1.0	1.0	1.0	1.0	1.0	1.0	1.0	1.0	1.0	1.0	1.0	1.0	1.0	1.0	1.0	1.0	1.0	1.0	1.0	1.0	1.0	1.0	1.0	1.0	1.0	1.0	1.0	1.0	1.0	1.0	1.0	1.0	1.0	1.0	1.0	1.0	1.0	1.0	1.0	1.0	1.0	1.0	1.0	1.0	1.0	1.0	1.0	1.0	1.0	1.0	1.0	1.0	1.0	1.0	1.0	1.0	1.0	1.0	1.0	1.0	
1.0	1.0	1.0	0.9323	0.8005	0.6673	0.5565	0.4541	0.3672	0.2918	0.2324	0.1894	0.1483	0.1176	0.0908	0.0706	0.0549	0.0422	0.0328	0.0246	0.0178	0.0141	0.0101	0.0077	0.0063	0.0049	0.0038	0.003	0.0026	0.0017	0.0014	0.0012	9.0E-4	6.0E-4	4.0E-4	3.0E-4	2.0E-4	1.0E-4	1.0E-4	1.0E-4	1.0E-4	1.0E-4	0.0	0.0	0.0	0.0	0.0	0.0	0.0	0.0	0.0	0.0	0.0	0.0	0.0	0.0	0.0	0.0	0.0	0.0	0.0	0.0	0.0	0.0	0.0	0.0	0.0	0.0	0.0	0.0	0.0	0.0	0.0	0.0	0.0	0.0	0.0	0.0	0.0	0.0	0.0	0.0	0.0	0.0	0.0	0.0	0.0	0.0	0.0	0.0	0.0	0.0	0.0	0.0	0.0	0.0	0.0	0.0	0.0	0.0	
0.0	0.0	0.0	0.0	0.0	0.0	0.0	0.0	0.0	0.0	0.0	0.0	0.0	0.0	0.0	0.0	0.0	0.0	0.0	0.0	0.0	0.0	0.0	0.0	0.0	0.0	0.0	0.0	0.0	0.0	0.0	0.0	0.0	0.0	0.0	0.0	0.0	0.0	0.0	0.0	0.0	0.0	0.0	0.0	0.0	0.0	0.0	0.0	0.0	0.0	0.0	0.0	0.0	0.0	0.0	0.0	0.0	0.0	0.0	0.0	0.0	0.0	0.0	0.0	0.0	0.0	0.0	0.0	0.0	0.0	0.0	0.0	0.0	0.0	0.0	0.0	0.0	0.0	0.0	0.0	0.0	0.0	0.0	0.0	0.0	0.0	0.0	0.0	0.0	0.0	0.0	0.0	0.0	0.0	0.0	0.0	0.0	0.0	0.0	0.0	
0.0	0.0	0.0	0.0	0.0	0.0	0.0	0.0	0.0	0.0	0.0	0.0	0.0	0.0	0.0	0.0	0.0	0.0	0.0	0.0	0.0	0.0	0.0	0.0	0.0	0.0	0.0	0.0	0.0	0.0	0.0	0.0	0.0	0.0	0.0	0.0	0.0	0.0	0.0	0.0	0.0	0.0	0.0	0.0	0.0	0.0	0.0	0.0	0.0	0.0	0.0	0.0	0.0	0.0	0.0	0.0	0.0	0.0	0.0	0.0	0.0	0.0	0.0	0.0	0.0	0.0	0.0	0.0	0.0	0.0	0.0	0.0	0.0	0.0	0.0	0.0	0.0	0.0	0.0	0.0	0.0	0.0	0.0	0.0	0.0	0.0	0.0	0.0	0.0	0.0	0.0	0.0	0.0	0.0	0.0	0.0	0.0	0.0	0.0	0.0	
0.0	0.0	0.0	1.0E-4	0.0063	0.0346	0.0939	0.1843	0.2866	0.3832	0.485	0.5746	0.6473	0.7089	0.7585	0.8028	0.8396	0.8694	0.8933	0.9128	0.9288	0.9424	0.9545	0.9627	0.9702	0.9768	0.9811	0.9842	0.988	0.9905	0.9927	0.9941	0.9952	0.9962	0.9967	0.9971	0.9973	0.9979	0.9982	0.9984	0.9986	0.9987	0.999	0.999	0.9991	0.9993	0.9994	0.9996	0.9997	0.9997	0.9997	0.9999	0.9999	1.0	1.0	1.0	1.0	1.0	1.0	1.0	1.0	1.0	1.0	1.0	1.0	1.0	1.0	1.0	1.0	1.0	1.0	1.0	1.0	1.0	1.0	1.0	1.0	1.0	1.0	1.0	1.0	1.0	1.0	1.0	1.0	1.0	1.0	1.0	1.0	1.0	1.0	1.0	1.0	1.0	1.0	1.0	1.0	1.0	1.0	1.0	
0.0	0.0	0.0	3.0E-4	0.0111	0.0544	0.1329	0.2331	0.3349	0.4341	0.528	0.61	0.6747	0.7341	0.781	0.8217	0.8564	0.8846	0.903	0.9222	0.9362	0.9469	0.9564	0.966	0.9718	0.977	0.9803	0.9837	0.9869	0.9895	0.992	0.9937	0.995	0.9961	0.9968	0.9975	0.9982	0.9988	0.9988	0.9988	0.9992	0.9995	0.9999	0.9999	0.9999	1.0	1.0	1.0	1.0	1.0	1.0	1.0	1.0	1.0	1.0	1.0	1.0	1.0	1.0	1.0	1.0	1.0	1.0	1.0	1.0	1.0	1.0	1.0	1.0	1.0	1.0	1.0	1.0	1.0	1.0	1.0	1.0	1.0	1.0	1.0	1.0	1.0	1.0	1.0	1.0	1.0	1.0	1.0	1.0	1.0	1.0	1.0	1.0	1.0	1.0	1.0	1.0	1.0	1.0	1.0	
1.0	1.0	1.0	0.922	0.68	0.418	0.2291	0.1198	0.0579	0.0282	0.0152	0.0072	0.0031	0.0016	9.0E-4	6.0E-4	2.0E-4	2.0E-4	1.0E-4	0.0	0.0	0.0	0.0	0.0	0.0	0.0	0.0	0.0	0.0	0.0	0.0	0.0	0.0	0.0	0.0	0.0	0.0	0.0	0.0	0.0	0.0	0.0	0.0	0.0	0.0	0.0	0.0	0.0	0.0	0.0	0.0	0.0	0.0	0.0	0.0	0.0	0.0	0.0	0.0	0.0	0.0	0.0	0.0	0.0	0.0	0.0	0.0	0.0	0.0	0.0	0.0	0.0	0.0	0.0	0.0	0.0	0.0	0.0	0.0	0.0	0.0	0.0	0.0	0.0	0.0	0.0	0.0	0.0	0.0	0.0	0.0	0.0	0.0	0.0	0.0	0.0	0.0	0.0	0.0	0.0	
0.0	0.0	0.0	0.0	0.0	0.0	0.0	0.0	0.0	0.0	0.0	0.0	0.0	0.0	0.0	0.0	0.0	0.0	0.0	0.0	0.0	0.0	0.0	0.0	0.0	0.0	0.0	0.0	0.0	0.0	0.0	0.0	0.0	0.0	0.0	0.0	0.0	0.0	0.0	0.0	0.0	0.0	0.0	0.0	0.0	0.0	0.0	0.0	0.0	0.0	0.0	0.0	0.0	0.0	0.0	0.0	0.0	0.0	0.0	0.0	0.0	0.0	0.0	0.0	0.0	0.0	0.0	0.0	0.0	0.0	0.0	0.0	0.0	0.0	0.0	0.0	0.0	0.0	0.0	0.0	0.0	0.0	0.0	0.0	0.0	0.0	0.0	0.0	0.0	0.0	0.0	0.0	0.0	0.0	0.0	0.0	0.0	0.0	0.0	0.0	
0.0	0.0	1.0	1.0	1.0	1.0	1.0	1.0	1.0	1.0	1.0	1.0	1.0	1.0	1.0	1.0	1.0	1.0	1.0	1.0	1.0	1.0	1.0	1.0	1.0	1.0	1.0	1.0	1.0	1.0	1.0	1.0	1.0	1.0	1.0	1.0	1.0	1.0	1.0	1.0	1.0	1.0	1.0	1.0	1.0	1.0	1.0	1.0	1.0	1.0	1.0	1.0	1.0	1.0	1.0	1.0	1.0	1.0	1.0	1.0	1.0	1.0	1.0	1.0	1.0	1.0	1.0	1.0	1.0	1.0	1.0	1.0	1.0	1.0	1.0	1.0	1.0	1.0	1.0	1.0	1.0	1.0	1.0	1.0	1.0	1.0	1.0	1.0	1.0	1.0	1.0	1.0	1.0	1.0	1.0	1.0	1.0	1.0	1.0	1.0	
1.0	1.0	1.0	0.9969	0.951	0.8215	0.6296	0.444	0.2879	0.1695	0.0964	0.0526	0.0257	0.0134	0.0067	0.0038	0.0016	5.0E-4	1.0E-4	1.0E-4	1.0E-4	0.0	0.0	0.0	0.0	0.0	0.0	0.0	0.0	0.0	0.0	0.0	0.0	0.0	0.0	0.0	0.0	0.0	0.0	0.0	0.0	0.0	0.0	0.0	0.0	0.0	0.0	0.0	0.0	0.0	0.0	0.0	0.0	0.0	0.0	0.0	0.0	0.0	0.0	0.0	0.0	0.0	0.0	0.0	0.0	0.0	0.0	0.0	0.0	0.0	0.0	0.0	0.0	0.0	0.0	0.0	0.0	0.0	0.0	0.0	0.0	0.0	0.0	0.0	0.0	0.0	0.0	0.0	0.0	0.0	0.0	0.0	0.0	0.0	0.0	0.0	0.0	0.0	0.0	0.0	
0.0	0.0	0.0	0.0	0.0	0.0	0.0	0.0	0.0	0.0	0.0	0.0	0.0	0.0	0.0	0.0	0.0	0.0	0.0	0.0	0.0	0.0	0.0	0.0	0.0	0.0	0.0	0.0	0.0	0.0	0.0	0.0	0.0	0.0	0.0	0.0	0.0	0.0	0.0	0.0	0.0	0.0	0.0	0.0	0.0	0.0	0.0	0.0	0.0	0.0	0.0	0.0	0.0	0.0	0.0	0.0	0.0	0.0	0.0	0.0	0.0	0.0	0.0	0.0	0.0	0.0	0.0	0.0	0.0	0.0	0.0	0.0	0.0	0.0	0.0	0.0	0.0	0.0	0.0	0.0	0.0	0.0	0.0	0.0	0.0	0.0	0.0	0.0	0.0	0.0	0.0	0.0	0.0	0.0	0.0	0.0	0.0	0.0	0.0	0.0	
0.0	0.0	0.0	0.0	0.0	0.0	0.0	0.0	0.0	0.0	0.0	0.0	0.0	0.0	0.0	0.0	0.0	0.0	0.0	0.0	0.0	0.0	0.0	0.0	0.0	0.0	0.0	0.0	0.0	0.0	0.0	0.0	0.0	0.0	0.0	0.0	0.0	0.0	0.0	0.0	0.0	0.0	0.0	0.0	0.0	0.0	0.0	0.0	0.0	0.0	0.0	0.0	0.0	0.0	0.0	0.0	0.0	0.0	0.0	0.0	0.0	0.0	0.0	0.0	0.0	0.0	0.0	0.0	0.0	0.0	0.0	0.0	0.0	0.0	0.0	0.0	0.0	0.0	0.0	0.0	0.0	0.0	0.0	0.0	0.0	0.0	0.0	0.0	0.0	0.0	0.0	0.0	0.0	0.0	0.0	0.0	0.0	0.0	0.0	0.0	
0.0	0.0	0.0	0.0	0.0	0.0	0.0	0.0	0.0	0.0	0.0	0.0	0.0	0.0	0.0	0.0	0.0	0.0	0.0	0.0	0.0	0.0	0.0	0.0	0.0	0.0	0.0	0.0	0.0	0.0	0.0	0.0	0.0	0.0	0.0	0.0	0.0	0.0	0.0	0.0	0.0	0.0	0.0	0.0	0.0	0.0	0.0	0.0	0.0	0.0	0.0	0.0	0.0	0.0	0.0	0.0	0.0	0.0	0.0	0.0	0.0	0.0	0.0	0.0	0.0	0.0	0.0	0.0	0.0	0.0	0.0	0.0	0.0	0.0	0.0	0.0	0.0	0.0	0.0	0.0	0.0	0.0	0.0	0.0	0.0	0.0	0.0	0.0	0.0	0.0	0.0	0.0	0.0	0.0	0.0	0.0	0.0	0.0	0.0	0.0	
1.0	1.0	1.0	1.0	1.0	1.0	1.0	1.0	1.0	1.0	1.0	1.0	1.0	1.0	1.0	1.0	1.0	1.0	1.0	1.0	1.0	1.0	1.0	1.0	1.0	1.0	1.0	1.0	1.0	1.0	1.0	1.0	1.0	1.0	1.0	1.0	1.0	1.0	1.0	1.0	1.0	1.0	1.0	1.0	1.0	1.0	1.0	1.0	1.0	1.0	1.0	1.0	1.0	1.0	1.0	1.0	1.0	1.0	1.0	1.0	1.0	1.0	1.0	1.0	1.0	1.0	1.0	1.0	1.0	1.0	1.0	1.0	1.0	1.0	1.0	1.0	1.0	1.0	1.0	1.0	1.0	1.0	1.0	1.0	1.0	1.0	1.0	1.0	1.0	1.0	1.0	1.0	1.0	1.0	1.0	1.0	1.0	1.0	1.0	1.0	
0.0	0.0	0.0	0.0	2.0E-4	0.0034	0.0187	0.0567	0.1152	0.1898	0.2856	0.3774	0.4675	0.5554	0.6309	0.6901	0.7435	0.7898	0.8264	0.8572	0.8817	0.9045	0.9238	0.9369	0.9483	0.9577	0.9658	0.9729	0.9771	0.9816	0.9861	0.9887	0.9904	0.9916	0.9936	0.9949	0.9958	0.9968	0.9974	0.9977	0.998	0.9984	0.9986	0.9988	0.999	0.9993	0.9993	0.9993	0.9994	0.9995	0.9995	0.9998	0.9999	0.9999	0.9999	0.9999	0.9999	0.9999	0.9999	0.9999	0.9999	0.9999	0.9999	0.9999	0.9999	1.0	1.0	1.0	1.0	1.0	1.0	1.0	1.0	1.0	1.0	1.0	1.0	1.0	1.0	1.0	1.0	1.0	1.0	1.0	1.0	1.0	1.0	1.0	1.0	1.0	1.0	1.0	1.0	1.0	1.0	1.0	1.0	1.0	1.0	1.0	
0.0	0.0	0.0	0.0183	0.138	0.3493	0.5657	0.7383	0.8513	0.9216	0.9617	0.9813	0.9919	0.9958	0.9972	0.9989	0.9995	0.9999	0.9999	1.0	1.0	1.0	1.0	1.0	1.0	1.0	1.0	1.0	1.0	1.0	1.0	1.0	1.0	1.0	1.0	1.0	1.0	1.0	1.0	1.0	1.0	1.0	1.0	1.0	1.0	1.0	1.0	1.0	1.0	1.0	1.0	1.0	1.0	1.0	1.0	1.0	1.0	1.0	1.0	1.0	1.0	1.0	1.0	1.0	1.0	1.0	1.0	1.0	1.0	1.0	1.0	1.0	1.0	1.0	1.0	1.0	1.0	1.0	1.0	1.0	1.0	1.0	1.0	1.0	1.0	1.0	1.0	1.0	1.0	1.0	1.0	1.0	1.0	1.0	1.0	1.0	1.0	1.0	1.0	1.0	
1.0	1.0	1.0	1.0	0.9994	0.9976	0.9922	0.9822	0.9669	0.946	0.9244	0.8969	0.8626	0.8225	0.7826	0.7405	0.6948	0.65	0.6063	0.5621	0.5209	0.4801	0.4439	0.4033	0.3666	0.3319	0.3009	0.2727	0.2443	0.2194	0.1956	0.1763	0.155	0.1393	0.1237	0.1085	0.0955	0.0852	0.0749	0.067	0.0579	0.0513	0.0454	0.0404	0.0362	0.0308	0.0261	0.0224	0.0191	0.0159	0.0137	0.0123	0.0108	0.0098	0.0082	0.0066	0.0056	0.0048	0.004	0.0036	0.0031	0.003	0.0022	0.0021	0.0019	0.0016	0.0013	0.0011	0.001	9.0E-4	7.0E-4	7.0E-4	7.0E-4	5.0E-4	4.0E-4	2.0E-4	1.0E-4	1.0E-4	1.0E-4	1.0E-4	1.0E-4	1.0E-4	0.0	0.0	0.0	0.0	0.0	0.0	0.0	0.0	0.0	0.0	0.0	0.0	0.0	0.0	0.0	0.0	0.0	0.0	
1.0	1.0	1.0	0.918	0.6735	0.4287	0.2389	0.1244	0.0622	0.0284	0.0137	0.0062	0.0033	0.0011	6.0E-4	3.0E-4	2.0E-4	2.0E-4	1.0E-4	0.0	0.0	0.0	0.0	0.0	0.0	0.0	0.0	0.0	0.0	0.0	0.0	0.0	0.0	0.0	0.0	0.0	0.0	0.0	0.0	0.0	0.0	0.0	0.0	0.0	0.0	0.0	0.0	0.0	0.0	0.0	0.0	0.0	0.0	0.0	0.0	0.0	0.0	0.0	0.0	0.0	0.0	0.0	0.0	0.0	0.0	0.0	0.0	0.0	0.0	0.0	0.0	0.0	0.0	0.0	0.0	0.0	0.0	0.0	0.0	0.0	0.0	0.0	0.0	0.0	0.0	0.0	0.0	0.0	0.0	0.0	0.0	0.0	0.0	0.0	0.0	0.0	0.0	0.0	0.0	0.0	
0.0	0.0	0.0	0.0	0.0	0.0	0.0	0.0	0.0	0.0	0.0	0.0	0.0	0.0	0.0	0.0	0.0	0.0	0.0	0.0	0.0	0.0	0.0	0.0	0.0	0.0	0.0	0.0	0.0	0.0	0.0	0.0	0.0	0.0	0.0	0.0	0.0	0.0	0.0	0.0	0.0	0.0	0.0	0.0	0.0	0.0	0.0	0.0	0.0	0.0	0.0	0.0	0.0	0.0	0.0	0.0	0.0	0.0	0.0	0.0	0.0	0.0	0.0	0.0	0.0	0.0	0.0	0.0	0.0	0.0	0.0	0.0	0.0	0.0	0.0	0.0	0.0	0.0	0.0	0.0	0.0	0.0	0.0	0.0	0.0	0.0	0.0	0.0	0.0	0.0	0.0	0.0	0.0	0.0	0.0	0.0	0.0	0.0	0.0	0.0	
0.0	0.0	0.0	0.0	0.0	0.0	0.0	0.0	0.0	0.0	0.0	0.0	0.0	0.0	0.0	0.0	0.0	0.0	0.0	0.0	0.0	0.0	0.0	0.0	0.0	0.0	0.0	0.0	0.0	0.0	0.0	0.0	0.0	0.0	0.0	0.0	0.0	0.0	0.0	0.0	0.0	0.0	0.0	0.0	0.0	0.0	0.0	0.0	0.0	0.0	0.0	0.0	0.0	0.0	0.0	0.0	0.0	0.0	0.0	0.0	0.0	0.0	0.0	0.0	0.0	0.0	0.0	0.0	0.0	0.0	0.0	0.0	0.0	0.0	0.0	0.0	0.0	0.0	0.0	0.0	0.0	0.0	0.0	0.0	0.0	0.0	0.0	0.0	0.0	0.0	0.0	0.0	0.0	0.0	0.0	0.0	0.0	0.0	0.0	0.0	
0.0	0.0	0.0	1.0E-4	0.0014	0.0058	0.0195	0.047	0.0868	0.1403	0.1984	0.2591	0.3278	0.3983	0.4606	0.5233	0.5808	0.63	0.674	0.7203	0.7547	0.7882	0.8171	0.8418	0.8658	0.8829	0.9007	0.916	0.9287	0.9402	0.9494	0.957	0.9635	0.9694	0.9729	0.9769	0.981	0.9836	0.986	0.9881	0.9899	0.9908	0.9925	0.9939	0.9955	0.996	0.9965	0.9968	0.9972	0.9976	0.998	0.9981	0.9982	0.9987	0.9988	0.9989	0.9991	0.9993	0.9994	0.9997	0.9998	0.9998	0.9998	0.9998	0.9998	1.0	1.0	1.0	1.0	1.0	1.0	1.0	1.0	1.0	1.0	1.0	1.0	1.0	1.0	1.0	1.0	1.0	1.0	1.0	1.0	1.0	1.0	1.0	1.0	1.0	1.0	1.0	1.0	1.0	1.0	1.0	1.0	1.0	1.0	1.0	
0.0	0.0	0.0	0.0	0.0	0.0	0.0	0.0	0.0	0.0	0.0	0.0	0.0	0.0	0.0	0.0	0.0	0.0	0.0	0.0	0.0	0.0	0.0	0.0	0.0	0.0	0.0	0.0	0.0	0.0	0.0	0.0	0.0	0.0	0.0	0.0	0.0	0.0	0.0	0.0	0.0	0.0	0.0	0.0	0.0	0.0	0.0	0.0	0.0	0.0	0.0	0.0	0.0	0.0	0.0	0.0	0.0	0.0	0.0	0.0	0.0	0.0	0.0	0.0	0.0	0.0	0.0	0.0	0.0	0.0	0.0	0.0	0.0	0.0	0.0	0.0	0.0	0.0	0.0	0.0	0.0	0.0	0.0	0.0	0.0	0.0	0.0	0.0	0.0	0.0	0.0	0.0	0.0	0.0	0.0	0.0	0.0	0.0	0.0	0.0	
1.0	1.0	1.0	0.9993	0.9784	0.8939	0.7339	0.5388	0.3636	0.2336	0.1315	0.0745	0.0403	0.0227	0.0121	0.0053	0.0027	0.0016	8.0E-4	6.0E-4	4.0E-4	0.0	0.0	0.0	0.0	0.0	0.0	0.0	0.0	0.0	0.0	0.0	0.0	0.0	0.0	0.0	0.0	0.0	0.0	0.0	0.0	0.0	0.0	0.0	0.0	0.0	0.0	0.0	0.0	0.0	0.0	0.0	0.0	0.0	0.0	0.0	0.0	0.0	0.0	0.0	0.0	0.0	0.0	0.0	0.0	0.0	0.0	0.0	0.0	0.0	0.0	0.0	0.0	0.0	0.0	0.0	0.0	0.0	0.0	0.0	0.0	0.0	0.0	0.0	0.0	0.0	0.0	0.0	0.0	0.0	0.0	0.0	0.0	0.0	0.0	0.0	0.0	0.0	0.0	0.0	
1.0	1.0	1.0	1.0	1.0	1.0	1.0	1.0	1.0	1.0	1.0	1.0	1.0	1.0	1.0	1.0	1.0	1.0	1.0	1.0	1.0	1.0	1.0	1.0	1.0	1.0	1.0	1.0	1.0	1.0	1.0	1.0	1.0	1.0	1.0	1.0	1.0	1.0	1.0	1.0	1.0	1.0	1.0	1.0	1.0	1.0	1.0	1.0	1.0	1.0	1.0	1.0	1.0	1.0	1.0	1.0	1.0	1.0	1.0	1.0	1.0	1.0	1.0	1.0	1.0	1.0	1.0	1.0	1.0	1.0	1.0	1.0	1.0	1.0	1.0	1.0	1.0	1.0	1.0	1.0	1.0	1.0	1.0	1.0	1.0	1.0	1.0	1.0	1.0	1.0	1.0	1.0	1.0	1.0	1.0	1.0	1.0	1.0	1.0	1.0	
0.0	0.0	0.0	0.0	0.0	0.0	0.0	0.0	0.0	0.0	0.0	0.0	0.0	0.0	0.0	0.0	0.0	0.0	0.0	0.0	0.0	0.0	0.0	0.0	0.0	0.0	0.0	0.0	0.0	0.0	0.0	0.0	0.0	0.0	0.0	0.0	0.0	0.0	0.0	0.0	0.0	0.0	0.0	0.0	0.0	0.0	0.0	0.0	0.0	0.0	0.0	0.0	0.0	0.0	0.0	0.0	0.0	0.0	0.0	0.0	0.0	0.0	0.0	0.0	0.0	0.0	0.0	0.0	0.0	0.0	0.0	0.0	0.0	0.0	0.0	0.0	0.0	0.0	0.0	0.0	0.0	0.0	0.0	0.0	0.0	0.0	0.0	0.0	0.0	0.0	0.0	0.0	0.0	0.0	0.0	0.0	0.0	0.0	0.0	0.0	
0.0	0.0	0.0	0.0	0.0	0.0	0.0	0.0	0.0	0.0	0.0	0.0	0.0	0.0	0.0	0.0	0.0	0.0	0.0	0.0	0.0	0.0	0.0	0.0	0.0	0.0	0.0	0.0	0.0	0.0	0.0	0.0	0.0	0.0	0.0	0.0	0.0	0.0	0.0	0.0	0.0	0.0	0.0	0.0	0.0	0.0	0.0	0.0	0.0	0.0	0.0	0.0	0.0	0.0	0.0	0.0	0.0	0.0	0.0	0.0	0.0	0.0	0.0	0.0	0.0	0.0	0.0	0.0	0.0	0.0	0.0	0.0	0.0	0.0	0.0	0.0	0.0	0.0	0.0	0.0	0.0	0.0	0.0	0.0	0.0	0.0	0.0	0.0	0.0	0.0	0.0	0.0	0.0	0.0	0.0	0.0	0.0	0.0	0.0	0.0	
0.0	0.0	0.0	0.0	0.0	0.0	0.0	0.0	0.0	0.0	0.0	0.0	0.0	0.0	0.0	0.0	0.0	0.0	0.0	0.0	0.0	0.0	0.0	0.0	0.0	0.0	0.0	0.0	0.0	0.0	0.0	0.0	0.0	0.0	0.0	0.0	0.0	0.0	0.0	0.0	0.0	0.0	0.0	0.0	0.0	0.0	0.0	0.0	0.0	0.0	0.0	0.0	0.0	0.0	0.0	0.0	0.0	0.0	0.0	0.0	0.0	0.0	0.0	0.0	0.0	0.0	0.0	0.0	0.0	0.0	0.0	0.0	0.0	0.0	0.0	0.0	0.0	0.0	0.0	0.0	0.0	0.0	0.0	0.0	0.0	0.0	0.0	0.0	0.0	0.0	0.0	0.0	0.0	0.0	0.0	0.0	0.0	0.0	0.0	0.0	
0.0	0.0	0.0	0.0148	0.1315	0.3407	0.5588	0.7333	0.85	0.9211	0.9597	0.9786	0.9883	0.9947	0.9973	0.999	0.9996	0.9997	0.9998	0.9999	1.0	1.0	1.0	1.0	1.0	1.0	1.0	1.0	1.0	1.0	1.0	1.0	1.0	1.0	1.0	1.0	1.0	1.0	1.0	1.0	1.0	1.0	1.0	1.0	1.0	1.0	1.0	1.0	1.0	1.0	1.0	1.0	1.0	1.0	1.0	1.0	1.0	1.0	1.0	1.0	1.0	1.0	1.0	1.0	1.0	1.0	1.0	1.0	1.0	1.0	1.0	1.0	1.0	1.0	1.0	1.0	1.0	1.0	1.0	1.0	1.0	1.0	1.0	1.0	1.0	1.0	1.0	1.0	1.0	1.0	1.0	1.0	1.0	1.0	1.0	1.0	1.0	1.0	1.0	1.0	
0.3315	0.3315	0.3315	0.3315	0.3315	0.3315	0.3315	0.3315	0.3315	0.3315	0.3315	0.3315	0.3315	0.3315	0.3315	0.3315	0.3315	0.3315	0.3315	0.3315	0.3315	0.3315	0.3315	0.3315	0.3315	0.3315	0.3315	0.3315	0.3315	0.3315	0.3315	0.3315	0.3315	0.3315	0.3315	0.3315	0.3315	0.3315	0.3315	0.3315	0.3315	0.3315	0.3315	0.3315	0.3315	0.3315	0.3315	0.3315	0.3315	0.3315	0.3315	0.3315	0.3315	0.3315	0.3315	0.3315	0.3315	0.3315	0.3315	0.3315	0.3315	0.3315	0.3315	0.3315	0.3315	0.3315	0.3315	0.3315	0.3315	0.3315	0.3315	0.3315	0.3315	0.3315	0.3315	0.3315	0.3315	0.3315	0.3315	0.3315	0.3315	0.3315	0.3315	0.3315	0.3315	0.3315	0.3315	0.3315	0.3315	0.3315	0.3315	0.3315	0.3315	0.3315	0.3315	0.3315	0.3315	0.3315	0.3315	0.3315	
0.0	0.0	0.0	0.0	0.0	0.0	0.0	0.0	0.0	0.0	0.0	0.0	0.0	0.0	0.0	0.0	0.0	0.0	0.0	0.0	0.0	0.0	0.0	0.0	0.0	0.0	0.0	0.0	0.0	0.0	0.0	0.0	0.0	0.0	0.0	0.0	0.0	0.0	0.0	0.0	0.0	0.0	0.0	0.0	0.0	0.0	0.0	0.0	0.0	0.0	0.0	0.0	0.0	0.0	0.0	0.0	0.0	0.0	0.0	0.0	0.0	0.0	0.0	0.0	0.0	0.0	0.0	0.0	0.0	0.0	0.0	0.0	0.0	0.0	0.0	0.0	0.0	0.0	0.0	0.0	0.0	0.0	0.0	0.0	0.0	0.0	0.0	0.0	0.0	0.0	0.0	0.0	0.0	0.0	0.0	0.0	0.0	0.0	0.0	0.0	
0.3315	0.3315	0.3315	0.3315	0.3315	0.3315	0.3315	0.3315	0.3315	0.3315	0.3315	0.3315	0.3315	0.3315	0.3315	0.3315	0.3315	0.3315	0.3315	0.3315	0.3315	0.3315	0.3315	0.3315	0.3315	0.3315	0.3315	0.3315	0.3315	0.3315	0.3315	0.3315	0.3315	0.3315	0.3315	0.3315	0.3315	0.3315	0.3315	0.3315	0.3315	0.3315	0.3315	0.3315	0.3315	0.3315	0.3315	0.3315	0.3315	0.3315	0.3315	0.3315	0.3315	0.3315	0.3315	0.3315	0.3315	0.3315	0.3315	0.3315	0.3315	0.3315	0.3315	0.3315	0.3315	0.3315	0.3315	0.3315	0.3315	0.3315	0.3315	0.3315	0.3315	0.3315	0.3315	0.3315	0.3315	0.3315	0.3315	0.3315	0.3315	0.3315	0.3315	0.3315	0.3315	0.3315	0.3315	0.3315	0.3315	0.3315	0.3315	0.3315	0.3315	0.3315	0.3315	0.3315	0.3315	0.3315	0.3315	0.3315	
0.0	0.0	0.0	0.0	0.0	0.0	0.0	0.0	0.0	0.0	0.0	0.0	0.0	0.0	0.0	0.0	0.0	0.0	0.0	0.0	0.0	0.0	0.0	0.0	0.0	0.0	0.0	0.0	0.0	0.0	0.0	0.0	0.0	0.0	0.0	0.0	0.0	0.0	0.0	0.0	0.0	0.0	0.0	0.0	0.0	0.0	0.0	0.0	0.0	0.0	0.0	0.0	0.0	0.0	0.0	0.0	0.0	0.0	0.0	0.0	0.0	0.0	0.0	0.0	0.0	0.0	0.0	0.0	0.0	0.0	0.0	0.0	0.0	0.0	0.0	0.0	0.0	0.0	0.0	0.0	0.0	0.0	0.0	0.0	0.0	0.0	0.0	0.0	0.0	0.0	0.0	0.0	0.0	0.0	0.0	0.0	0.0	0.0	0.0	0.0	
1.0	1.0	1.0	0.8174	0.6646	0.5481	0.449	0.367	0.2984	0.2411	0.199	0.1617	0.1329	0.1096	0.0891	0.0719	0.0577	0.0471	0.039	0.0318	0.0272	0.023	0.019	0.0158	0.0138	0.0111	0.0093	0.0081	0.0062	0.0053	0.0041	0.0032	0.0026	0.0018	0.0016	0.0014	0.0011	0.001	8.0E-4	6.0E-4	6.0E-4	4.0E-4	3.0E-4	1.0E-4	1.0E-4	0.0	0.0	0.0	0.0	0.0	0.0	0.0	0.0	0.0	0.0	0.0	0.0	0.0	0.0	0.0	0.0	0.0	0.0	0.0	0.0	0.0	0.0	0.0	0.0	0.0	0.0	0.0	0.0	0.0	0.0	0.0	0.0	0.0	0.0	0.0	0.0	0.0	0.0	0.0	0.0	0.0	0.0	0.0	0.0	0.0	0.0	0.0	0.0	0.0	0.0	0.0	0.0	0.0	0.0	0.0	
1.0	1.0	1.0	0.9999	0.9932	0.9607	0.8619	0.7072	0.5359	0.3783	0.2499	0.1545	0.0883	0.0521	0.0293	0.0155	0.0088	0.0036	0.002	0.0011	7.0E-4	3.0E-4	1.0E-4	1.0E-4	1.0E-4	1.0E-4	0.0	0.0	0.0	0.0	0.0	0.0	0.0	0.0	0.0	0.0	0.0	0.0	0.0	0.0	0.0	0.0	0.0	0.0	0.0	0.0	0.0	0.0	0.0	0.0	0.0	0.0	0.0	0.0	0.0	0.0	0.0	0.0	0.0	0.0	0.0	0.0	0.0	0.0	0.0	0.0	0.0	0.0	0.0	0.0	0.0	0.0	0.0	0.0	0.0	0.0	0.0	0.0	0.0	0.0	0.0	0.0	0.0	0.0	0.0	0.0	0.0	0.0	0.0	0.0	0.0	0.0	0.0	0.0	0.0	0.0	0.0	0.0	0.0	0.0	
0.0	0.0	0.0	0.0161	0.1357	0.3458	0.5606	0.7328	0.8534	0.923	0.9589	0.9792	0.9902	0.9949	0.9975	0.9993	0.9996	0.9998	0.9999	1.0	1.0	1.0	1.0	1.0	1.0	1.0	1.0	1.0	1.0	1.0	1.0	1.0	1.0	1.0	1.0	1.0	1.0	1.0	1.0	1.0	1.0	1.0	1.0	1.0	1.0	1.0	1.0	1.0	1.0	1.0	1.0	1.0	1.0	1.0	1.0	1.0	1.0	1.0	1.0	1.0	1.0	1.0	1.0	1.0	1.0	1.0	1.0	1.0	1.0	1.0	1.0	1.0	1.0	1.0	1.0	1.0	1.0	1.0	1.0	1.0	1.0	1.0	1.0	1.0	1.0	1.0	1.0	1.0	1.0	1.0	1.0	1.0	1.0	1.0	1.0	1.0	1.0	1.0	1.0	1.0	
0.0	0.0	0.0	0.0177	0.1317	0.3452	0.5646	0.7357	0.85	0.9214	0.9581	0.9792	0.9899	0.9951	0.9975	0.9989	0.9993	0.9998	0.9999	0.9999	0.9999	1.0	1.0	1.0	1.0	1.0	1.0	1.0	1.0	1.0	1.0	1.0	1.0	1.0	1.0	1.0	1.0	1.0	1.0	1.0	1.0	1.0	1.0	1.0	1.0	1.0	1.0	1.0	1.0	1.0	1.0	1.0	1.0	1.0	1.0	1.0	1.0	1.0	1.0	1.0	1.0	1.0	1.0	1.0	1.0	1.0	1.0	1.0	1.0	1.0	1.0	1.0	1.0	1.0	1.0	1.0	1.0	1.0	1.0	1.0	1.0	1.0	1.0	1.0	1.0	1.0	1.0	1.0	1.0	1.0	1.0	1.0	1.0	1.0	1.0	1.0	1.0	1.0	1.0	1.0	
0.0	0.0	0.0	0.0	0.0	0.0	0.0	0.0	0.0	0.0	0.0	0.0	0.0	0.0	0.0	0.0	0.0	0.0	0.0	0.0	0.0	0.0	0.0	0.0	0.0	0.0	0.0	0.0	0.0	0.0	0.0	0.0	0.0	0.0	0.0	0.0	0.0	0.0	0.0	0.0	0.0	0.0	0.0	0.0	0.0	0.0	0.0	0.0	0.0	0.0	0.0	0.0	0.0	0.0	0.0	0.0	0.0	0.0	0.0	0.0	0.0	0.0	0.0	0.0	0.0	0.0	0.0	0.0	0.0	0.0	0.0	0.0	0.0	0.0	0.0	0.0	0.0	0.0	0.0	0.0	0.0	0.0	0.0	0.0	0.0	0.0	0.0	0.0	0.0	0.0	0.0	0.0	0.0	0.0	0.0	0.0	0.0	0.0	0.0	0.0	
1.0	1.0	1.0	0.9987	0.9881	0.957	0.8962	0.8163	0.721	0.6188	0.5251	0.4396	0.365	0.3001	0.2459	0.2035	0.1676	0.1362	0.1128	0.0914	0.0773	0.062	0.0496	0.0411	0.0333	0.0265	0.0218	0.0175	0.0144	0.0122	0.0099	0.0082	0.0073	0.006	0.0048	0.004	0.0033	0.0031	0.0023	0.0018	0.0012	0.001	0.001	0.001	8.0E-4	8.0E-4	6.0E-4	6.0E-4	5.0E-4	5.0E-4	4.0E-4	4.0E-4	4.0E-4	4.0E-4	4.0E-4	3.0E-4	3.0E-4	3.0E-4	3.0E-4	2.0E-4	1.0E-4	1.0E-4	1.0E-4	0.0	0.0	0.0	0.0	0.0	0.0	0.0	0.0	0.0	0.0	0.0	0.0	0.0	0.0	0.0	0.0	0.0	0.0	0.0	0.0	0.0	0.0	0.0	0.0	0.0	0.0	0.0	0.0	0.0	0.0	0.0	0.0	0.0	0.0	0.0	0.0	0.0	
0.0	0.0	0.0	0.0	0.0	0.0	0.0	0.0	0.0	0.0	0.0	0.0	0.0	0.0	0.0	0.0	0.0	0.0	0.0	0.0	0.0	0.0	0.0	0.0	0.0	0.0	0.0	0.0	0.0	0.0	0.0	0.0	0.0	0.0	0.0	0.0	0.0	0.0	0.0	0.0	0.0	0.0	0.0	0.0	0.0	0.0	0.0	0.0	0.0	0.0	0.0	0.0	0.0	0.0	0.0	0.0	0.0	0.0	0.0	0.0	0.0	0.0	0.0	0.0	0.0	0.0	0.0	0.0	0.0	0.0	0.0	0.0	0.0	0.0	0.0	0.0	0.0	0.0	0.0	0.0	0.0	0.0	0.0	0.0	0.0	0.0	0.0	0.0	0.0	0.0	0.0	0.0	0.0	0.0	0.0	0.0	0.0	0.0	0.0	0.0	
1.0	1.0	1.0	0.9812	0.8908	0.7325	0.5441	0.3629	0.2225	0.1264	0.0645	0.0322	0.0169	0.0079	0.0043	0.002	0.0012	3.0E-4	3.0E-4	1.0E-4	0.0	0.0	0.0	0.0	0.0	0.0	0.0	0.0	0.0	0.0	0.0	0.0	0.0	0.0	0.0	0.0	0.0	0.0	0.0	0.0	0.0	0.0	0.0	0.0	0.0	0.0	0.0	0.0	0.0	0.0	0.0	0.0	0.0	0.0	0.0	0.0	0.0	0.0	0.0	0.0	0.0	0.0	0.0	0.0	0.0	0.0	0.0	0.0	0.0	0.0	0.0	0.0	0.0	0.0	0.0	0.0	0.0	0.0	0.0	0.0	0.0	0.0	0.0	0.0	0.0	0.0	0.0	0.0	0.0	0.0	0.0	0.0	0.0	0.0	0.0	0.0	0.0	0.0	0.0	0.0	
0.0	0.0	0.0	0.0	0.0	0.0	0.0	0.0	0.0	0.0	0.0	0.0	0.0	0.0	0.0	0.0	0.0	0.0	0.0	0.0	0.0	0.0	0.0	0.0	0.0	0.0	0.0	0.0	0.0	0.0	0.0	0.0	0.0	0.0	0.0	0.0	0.0	0.0	0.0	0.0	0.0	0.0	0.0	0.0	0.0	0.0	0.0	0.0	0.0	0.0	0.0	0.0	0.0	0.0	0.0	0.0	0.0	0.0	0.0	0.0	0.0	0.0	0.0	0.0	0.0	0.0	0.0	0.0	0.0	0.0	0.0	0.0	0.0	0.0	0.0	0.0	0.0	0.0	0.0	0.0	0.0	0.0	0.0	0.0	0.0	0.0	0.0	0.0	0.0	0.0	0.0	0.0	0.0	0.0	0.0	0.0	0.0	0.0	0.0	0.0	
0.0	0.0	0.0	0.0	0.0	0.0	0.0	0.0	0.0	0.0	0.0	0.0	0.0	0.0	0.0	0.0	0.0	0.0	0.0	0.0	0.0	0.0	0.0	0.0	0.0	0.0	0.0	0.0	0.0	0.0	0.0	0.0	0.0	0.0	0.0	0.0	0.0	0.0	0.0	0.0	0.0	0.0	0.0	0.0	0.0	0.0	0.0	0.0	0.0	0.0	0.0	0.0	0.0	0.0	0.0	0.0	0.0	0.0	0.0	0.0	0.0	0.0	0.0	0.0	0.0	0.0	0.0	0.0	0.0	0.0	0.0	0.0	0.0	0.0	0.0	0.0	0.0	0.0	0.0	0.0	0.0	0.0	0.0	0.0	0.0	0.0	0.0	0.0	0.0	0.0	0.0	0.0	0.0	0.0	0.0	0.0	0.0	0.0	0.0	0.0	
1.0	1.0	1.0	1.0	1.0	1.0	1.0	1.0	1.0	1.0	1.0	1.0	1.0	1.0	1.0	1.0	1.0	1.0	1.0	1.0	1.0	1.0	1.0	1.0	1.0	1.0	1.0	1.0	1.0	1.0	1.0	1.0	1.0	1.0	1.0	1.0	1.0	1.0	1.0	1.0	1.0	1.0	1.0	1.0	1.0	1.0	1.0	1.0	1.0	1.0	1.0	1.0	1.0	1.0	1.0	1.0	1.0	1.0	1.0	1.0	1.0	1.0	1.0	1.0	1.0	1.0	1.0	1.0	1.0	1.0	1.0	1.0	1.0	1.0	1.0	1.0	1.0	1.0	1.0	1.0	1.0	1.0	1.0	1.0	1.0	1.0	1.0	1.0	1.0	1.0	1.0	1.0	1.0	1.0	1.0	1.0	1.0	1.0	1.0	1.0	
0.0	0.0	0.0	0.001	0.0122	0.0564	0.1314	0.2238	0.3297	0.4279	0.5236	0.6043	0.6747	0.7346	0.7837	0.823	0.8562	0.8792	0.9001	0.9196	0.9325	0.9478	0.9571	0.9642	0.9715	0.9769	0.981	0.9844	0.9873	0.9894	0.9912	0.9922	0.9939	0.9949	0.9954	0.9967	0.9974	0.9978	0.9986	0.9988	0.9991	0.9994	0.9994	0.9994	0.9995	0.9996	0.9996	0.9997	0.9998	0.9999	1.0	1.0	1.0	1.0	1.0	1.0	1.0	1.0	1.0	1.0	1.0	1.0	1.0	1.0	1.0	1.0	1.0	1.0	1.0	1.0	1.0	1.0	1.0	1.0	1.0	1.0	1.0	1.0	1.0	1.0	1.0	1.0	1.0	1.0	1.0	1.0	1.0	1.0	1.0	1.0	1.0	1.0	1.0	1.0	1.0	1.0	1.0	1.0	1.0	1.0	
0.0	0.0	0.0	4.0E-4	0.0112	0.0481	0.1203	0.217	0.3208	0.4214	0.5153	0.5965	0.6681	0.7275	0.7751	0.8161	0.8494	0.876	0.8976	0.9177	0.9326	0.9445	0.9527	0.9612	0.9689	0.9743	0.9806	0.9845	0.9872	0.9891	0.9905	0.9919	0.9931	0.995	0.9957	0.9966	0.9971	0.9973	0.9978	0.9982	0.9985	0.999	0.999	0.9991	0.9992	0.9992	0.9992	0.9992	0.9994	0.9994	0.9994	0.9994	0.9994	0.9995	0.9996	0.9998	0.9999	0.9999	0.9999	1.0	1.0	1.0	1.0	1.0	1.0	1.0	1.0	1.0	1.0	1.0	1.0	1.0	1.0	1.0	1.0	1.0	1.0	1.0	1.0	1.0	1.0	1.0	1.0	1.0	1.0	1.0	1.0	1.0	1.0	1.0	1.0	1.0	1.0	1.0	1.0	1.0	1.0	1.0	1.0	1.0	
0.0	0.0	0.0	0.0	0.0	0.0	0.0	0.0	0.0	0.0	0.0	0.0	0.0	0.0	0.0	0.0	0.0	0.0	0.0	0.0	0.0	0.0	0.0	0.0	0.0	0.0	0.0	0.0	0.0	0.0	0.0	0.0	0.0	0.0	0.0	0.0	0.0	0.0	0.0	0.0	0.0	0.0	0.0	0.0	0.0	0.0	0.0	0.0	0.0	0.0	0.0	0.0	0.0	0.0	0.0	0.0	0.0	0.0	0.0	0.0	0.0	0.0	0.0	0.0	0.0	0.0	0.0	0.0	0.0	0.0	0.0	0.0	0.0	0.0	0.0	0.0	0.0	0.0	0.0	0.0	0.0	0.0	0.0	0.0	0.0	0.0	0.0	0.0	0.0	0.0	0.0	0.0	0.0	0.0	0.0	0.0	0.0	0.0	0.0	0.0	
0.3315	0.3315	0.3315	0.3315	0.3315	0.3315	0.3315	0.3315	0.3315	0.3315	0.3315	0.3315	0.3315	0.3315	0.3315	0.3315	0.3315	0.3315	0.3315	0.3315	0.3315	0.3315	0.3315	0.3315	0.3315	0.3315	0.3315	0.3315	0.3315	0.3315	0.3315	0.3315	0.3315	0.3315	0.3315	0.3315	0.3315	0.3315	0.3315	0.3315	0.3315	0.3315	0.3315	0.3315	0.3315	0.3315	0.3315	0.3315	0.3315	0.3315	0.3315	0.3315	0.3315	0.3315	0.3315	0.3315	0.3315	0.3315	0.3315	0.3315	0.3315	0.3315	0.3315	0.3315	0.3315	0.3315	0.3315	0.3315	0.3315	0.3315	0.3315	0.3315	0.3315	0.3315	0.3315	0.3315	0.3315	0.3315	0.3315	0.3315	0.3315	0.3315	0.3315	0.3315	0.3315	0.3315	0.3315	0.3315	0.3315	0.3315	0.3315	0.3315	0.3315	0.3315	0.3315	0.3315	0.3315	0.3315	0.3315	0.3315	
1.0	1.0	1.0	1.0	1.0	1.0	1.0	1.0	1.0	1.0	1.0	1.0	1.0	1.0	1.0	1.0	1.0	1.0	1.0	1.0	1.0	1.0	1.0	1.0	1.0	1.0	1.0	1.0	1.0	1.0	1.0	1.0	1.0	1.0	1.0	1.0	1.0	1.0	1.0	1.0	1.0	1.0	1.0	1.0	1.0	1.0	1.0	1.0	1.0	1.0	1.0	1.0	1.0	1.0	1.0	1.0	1.0	1.0	1.0	1.0	1.0	1.0	1.0	1.0	1.0	1.0	1.0	1.0	1.0	1.0	1.0	1.0	1.0	1.0	1.0	1.0	1.0	1.0	1.0	1.0	1.0	1.0	1.0	1.0	1.0	1.0	1.0	1.0	1.0	1.0	1.0	1.0	1.0	1.0	1.0	1.0	1.0	1.0	1.0	1.0	
1.0	1.0	1.0	0.8244	0.6777	0.5489	0.4501	0.3728	0.3053	0.2506	0.2056	0.1684	0.136	0.1116	0.0919	0.0758	0.0618	0.0514	0.0425	0.0333	0.0271	0.0226	0.0188	0.0146	0.0114	0.0097	0.0079	0.0062	0.0048	0.0035	0.003	0.0025	0.0022	0.0018	0.0014	0.0011	0.0011	8.0E-4	8.0E-4	5.0E-4	4.0E-4	4.0E-4	3.0E-4	2.0E-4	1.0E-4	1.0E-4	1.0E-4	1.0E-4	1.0E-4	1.0E-4	1.0E-4	1.0E-4	1.0E-4	1.0E-4	1.0E-4	1.0E-4	1.0E-4	1.0E-4	1.0E-4	1.0E-4	1.0E-4	1.0E-4	0.0	0.0	0.0	0.0	0.0	0.0	0.0	0.0	0.0	0.0	0.0	0.0	0.0	0.0	0.0	0.0	0.0	0.0	0.0	0.0	0.0	0.0	0.0	0.0	0.0	0.0	0.0	0.0	0.0	0.0	0.0	0.0	0.0	0.0	0.0	0.0	0.0	0.0	
1.0	1.0	1.0	1.0	0.9999	0.9982	0.9885	0.9647	0.9213	0.8522	0.7632	0.6671	0.5795	0.4946	0.4195	0.3498	0.2883	0.2378	0.1952	0.1577	0.1282	0.1058	0.0862	0.0681	0.0556	0.0464	0.0382	0.0302	0.0262	0.0215	0.0171	0.0145	0.0114	0.01	0.009	0.0069	0.0053	0.0046	0.004	0.0034	0.0028	0.0022	0.0016	0.0011	8.0E-4	7.0E-4	6.0E-4	6.0E-4	5.0E-4	4.0E-4	4.0E-4	4.0E-4	3.0E-4	3.0E-4	2.0E-4	2.0E-4	1.0E-4	1.0E-4	1.0E-4	0.0	0.0	0.0	0.0	0.0	0.0	0.0	0.0	0.0	0.0	0.0	0.0	0.0	0.0	0.0	0.0	0.0	0.0	0.0	0.0	0.0	0.0	0.0	0.0	0.0	0.0	0.0	0.0	0.0	0.0	0.0	0.0	0.0	0.0	0.0	0.0	0.0	0.0	0.0	0.0	0.0	
0.0	0.0	0.0	0.0	0.0	0.0	0.0	0.0	0.0	0.0	0.0	0.0	0.0	0.0	0.0	0.0	0.0	0.0	0.0	0.0	0.0	0.0	0.0	0.0	0.0	0.0	0.0	0.0	0.0	0.0	0.0	0.0	0.0	0.0	0.0	0.0	0.0	0.0	0.0	0.0	0.0	0.0	0.0	0.0	0.0	0.0	0.0	0.0	0.0	0.0	0.0	0.0	0.0	0.0	0.0	0.0	0.0	0.0	0.0	0.0	0.0	0.0	0.0	0.0	0.0	0.0	0.0	0.0	0.0	0.0	0.0	0.0	0.0	0.0	0.0	0.0	0.0	0.0	0.0	0.0	0.0	0.0	0.0	0.0	0.0	0.0	0.0	0.0	0.0	0.0	0.0	0.0	0.0	0.0	0.0	0.0	0.0	0.0	0.0	0.0	
1.0	1.0	1.0	0.734	0.4054	0.1978	0.0884	0.039	0.016	0.0081	0.004	0.0019	6.0E-4	4.0E-4	2.0E-4	2.0E-4	1.0E-4	1.0E-4	1.0E-4	0.0	0.0	0.0	0.0	0.0	0.0	0.0	0.0	0.0	0.0	0.0	0.0	0.0	0.0	0.0	0.0	0.0	0.0	0.0	0.0	0.0	0.0	0.0	0.0	0.0	0.0	0.0	0.0	0.0	0.0	0.0	0.0	0.0	0.0	0.0	0.0	0.0	0.0	0.0	0.0	0.0	0.0	0.0	0.0	0.0	0.0	0.0	0.0	0.0	0.0	0.0	0.0	0.0	0.0	0.0	0.0	0.0	0.0	0.0	0.0	0.0	0.0	0.0	0.0	0.0	0.0	0.0	0.0	0.0	0.0	0.0	0.0	0.0	0.0	0.0	0.0	0.0	0.0	0.0	0.0	0.0	
1.0	1.0	1.0	0.9191	0.6742	0.4197	0.2372	0.1201	0.0552	0.0268	0.0133	0.0069	0.0034	0.0022	8.0E-4	4.0E-4	1.0E-4	1.0E-4	1.0E-4	0.0	0.0	0.0	0.0	0.0	0.0	0.0	0.0	0.0	0.0	0.0	0.0	0.0	0.0	0.0	0.0	0.0	0.0	0.0	0.0	0.0	0.0	0.0	0.0	0.0	0.0	0.0	0.0	0.0	0.0	0.0	0.0	0.0	0.0	0.0	0.0	0.0	0.0	0.0	0.0	0.0	0.0	0.0	0.0	0.0	0.0	0.0	0.0	0.0	0.0	0.0	0.0	0.0	0.0	0.0	0.0	0.0	0.0	0.0	0.0	0.0	0.0	0.0	0.0	0.0	0.0	0.0	0.0	0.0	0.0	0.0	0.0	0.0	0.0	0.0	0.0	0.0	0.0	0.0	0.0	0.0	
0.0	0.0	0.0	0.0	0.0	0.0	0.0	0.0	0.0	0.0	0.0	0.0	0.0	0.0	0.0	0.0	0.0	0.0	0.0	0.0	0.0	0.0	0.0	0.0	0.0	0.0	0.0	0.0	0.0	0.0	0.0	0.0	0.0	0.0	0.0	0.0	0.0	0.0	0.0	0.0	0.0	0.0	0.0	0.0	0.0	0.0	0.0	0.0	0.0	0.0	0.0	0.0	0.0	0.0	0.0	0.0	0.0	0.0	0.0	0.0	0.0	0.0	0.0	0.0	0.0	0.0	0.0	0.0	0.0	0.0	0.0	0.0	0.0	0.0	0.0	0.0	0.0	0.0	0.0	0.0	0.0	0.0	0.0	0.0	0.0	0.0	0.0	0.0	0.0	0.0	0.0	0.0	0.0	0.0	0.0	0.0	0.0	0.0	0.0	0.0	
1.0	1.0	1.0	0.3625	0.1271	0.0429	0.0145	0.005	0.0018	8.0E-4	3.0E-4	1.0E-4	0.0	0.0	0.0	0.0	0.0	0.0	0.0	0.0	0.0	0.0	0.0	0.0	0.0	0.0	0.0	0.0	0.0	0.0	0.0	0.0	0.0	0.0	0.0	0.0	0.0	0.0	0.0	0.0	0.0	0.0	0.0	0.0	0.0	0.0	0.0	0.0	0.0	0.0	0.0	0.0	0.0	0.0	0.0	0.0	0.0	0.0	0.0	0.0	0.0	0.0	0.0	0.0	0.0	0.0	0.0	0.0	0.0	0.0	0.0	0.0	0.0	0.0	0.0	0.0	0.0	0.0	0.0	0.0	0.0	0.0	0.0	0.0	0.0	0.0	0.0	0.0	0.0	0.0	0.0	0.0	0.0	0.0	0.0	0.0	0.0	0.0	0.0	0.0	
0.0	0.0	0.0	0.0	0.0	0.0	0.0	0.0	0.0	0.0	0.0	0.0	0.0	0.0	0.0	0.0	0.0	0.0	0.0	0.0	0.0	0.0	0.0	0.0	0.0	0.0	0.0	0.0	0.0	0.0	0.0	0.0	0.0	0.0	0.0	0.0	0.0	0.0	0.0	0.0	0.0	0.0	0.0	0.0	0.0	0.0	0.0	0.0	0.0	0.0	0.0	0.0	0.0	0.0	0.0	0.0	0.0	0.0	0.0	0.0	0.0	0.0	0.0	0.0	0.0	0.0	0.0	0.0	0.0	0.0	0.0	0.0	0.0	0.0	0.0	0.0	0.0	0.0	0.0	0.0	0.0	0.0	0.0	0.0	0.0	0.0	0.0	0.0	0.0	0.0	0.0	0.0	0.0	0.0	0.0	0.0	0.0	0.0	0.0	0.0	
0.0	0.0	0.0	0.0	0.0	0.0	0.0	0.0	0.0	0.0	0.0	0.0	0.0	0.0	0.0	0.0	0.0	0.0	0.0	0.0	0.0	0.0	0.0	0.0	0.0	0.0	0.0	0.0	0.0	0.0	0.0	0.0	0.0	0.0	0.0	0.0	0.0	0.0	0.0	0.0	0.0	0.0	0.0	0.0	0.0	0.0	0.0	0.0	0.0	0.0	0.0	0.0	0.0	0.0	0.0	0.0	0.0	0.0	0.0	0.0	0.0	0.0	0.0	0.0	0.0	0.0	0.0	0.0	0.0	0.0	0.0	0.0	0.0	0.0	0.0	0.0	0.0	0.0	0.0	0.0	0.0	0.0	0.0	0.0	0.0	0.0	0.0	0.0	0.0	0.0	0.0	0.0	0.0	0.0	0.0	0.0	0.0	0.0	0.0	0.0	
1.0	1.0	1.0	0.9243	0.6858	0.4313	0.238	0.1224	0.0599	0.0288	0.0126	0.0057	0.0032	0.0018	5.0E-4	3.0E-4	1.0E-4	1.0E-4	1.0E-4	0.0	0.0	0.0	0.0	0.0	0.0	0.0	0.0	0.0	0.0	0.0	0.0	0.0	0.0	0.0	0.0	0.0	0.0	0.0	0.0	0.0	0.0	0.0	0.0	0.0	0.0	0.0	0.0	0.0	0.0	0.0	0.0	0.0	0.0	0.0	0.0	0.0	0.0	0.0	0.0	0.0	0.0	0.0	0.0	0.0	0.0	0.0	0.0	0.0	0.0	0.0	0.0	0.0	0.0	0.0	0.0	0.0	0.0	0.0	0.0	0.0	0.0	0.0	0.0	0.0	0.0	0.0	0.0	0.0	0.0	0.0	0.0	0.0	0.0	0.0	0.0	0.0	0.0	0.0	0.0	0.0	
1.0	1.0	1.0	0.9998	0.9945	0.957	0.863	0.7111	0.5356	0.3776	0.2438	0.1508	0.09	0.0538	0.0297	0.0161	0.0089	0.0048	0.0024	0.0012	7.0E-4	5.0E-4	3.0E-4	2.0E-4	0.0	0.0	0.0	0.0	0.0	0.0	0.0	0.0	0.0	0.0	0.0	0.0	0.0	0.0	0.0	0.0	0.0	0.0	0.0	0.0	0.0	0.0	0.0	0.0	0.0	0.0	0.0	0.0	0.0	0.0	0.0	0.0	0.0	0.0	0.0	0.0	0.0	0.0	0.0	0.0	0.0	0.0	0.0	0.0	0.0	0.0	0.0	0.0	0.0	0.0	0.0	0.0	0.0	0.0	0.0	0.0	0.0	0.0	0.0	0.0	0.0	0.0	0.0	0.0	0.0	0.0	0.0	0.0	0.0	0.0	0.0	0.0	0.0	0.0	0.0	0.0	
0.3315	0.3315	0.3315	0.3316	0.3404	0.3667	0.415	0.478	0.5461	0.6179	0.6767	0.7306	0.7829	0.8201	0.8556	0.8812	0.9023	0.9196	0.9341	0.9464	0.955	0.963	0.9705	0.9756	0.9797	0.9836	0.9859	0.9886	0.9899	0.9913	0.9929	0.9944	0.9957	0.9968	0.9978	0.9982	0.9983	0.9984	0.9986	0.9991	0.9992	0.9994	0.9994	0.9995	0.9996	0.9996	0.9998	0.9999	0.9999	0.9999	0.9999	1.0	1.0	1.0	1.0	1.0	1.0	1.0	1.0	1.0	1.0	1.0	1.0	1.0	1.0	1.0	1.0	1.0	1.0	1.0	1.0	1.0	1.0	1.0	1.0	1.0	1.0	1.0	1.0	1.0	1.0	1.0	1.0	1.0	1.0	1.0	1.0	1.0	1.0	1.0	1.0	1.0	1.0	1.0	1.0	1.0	1.0	1.0	1.0	1.0	
0.0	0.0	0.0	0.0056	0.0773	0.2433	0.4559	0.6518	0.7937	0.8893	0.9414	0.971	0.9853	0.9921	0.9958	0.9975	0.9994	0.9995	0.9997	1.0	1.0	1.0	1.0	1.0	1.0	1.0	1.0	1.0	1.0	1.0	1.0	1.0	1.0	1.0	1.0	1.0	1.0	1.0	1.0	1.0	1.0	1.0	1.0	1.0	1.0	1.0	1.0	1.0	1.0	1.0	1.0	1.0	1.0	1.0	1.0	1.0	1.0	1.0	1.0	1.0	1.0	1.0	1.0	1.0	1.0	1.0	1.0	1.0	1.0	1.0	1.0	1.0	1.0	1.0	1.0	1.0	1.0	1.0	1.0	1.0	1.0	1.0	1.0	1.0	1.0	1.0	1.0	1.0	1.0	1.0	1.0	1.0	1.0	1.0	1.0	1.0	1.0	1.0	1.0	1.0	
1.0	1.0	1.0	1.0	1.0	0.9999	0.9979	0.9924	0.9776	0.9527	0.912	0.8616	0.8005	0.7359	0.6704	0.6051	0.5392	0.4794	0.4204	0.3662	0.3231	0.2811	0.2435	0.2064	0.1773	0.1524	0.1316	0.113	0.0959	0.0812	0.0682	0.0584	0.0501	0.042	0.0364	0.0308	0.027	0.0234	0.0199	0.0163	0.0134	0.0107	0.0087	0.0069	0.0058	0.0045	0.0037	0.0029	0.0024	0.0023	0.0023	0.002	0.0018	0.0016	0.0014	0.0013	0.001	8.0E-4	8.0E-4	8.0E-4	8.0E-4	6.0E-4	5.0E-4	4.0E-4	4.0E-4	4.0E-4	4.0E-4	4.0E-4	4.0E-4	4.0E-4	4.0E-4	3.0E-4	2.0E-4	1.0E-4	1.0E-4	1.0E-4	1.0E-4	1.0E-4	1.0E-4	1.0E-4	0.0	0.0	0.0	0.0	0.0	0.0	0.0	0.0	0.0	0.0	0.0	0.0	0.0	0.0	0.0	0.0	0.0	0.0	0.0	0.0	
1.0	1.0	1.0	1.0	0.9995	0.9882	0.9401	0.8524	0.7257	0.5833	0.4427	0.3323	0.2483	0.1847	0.1373	0.1028	0.0792	0.0596	0.0447	0.0349	0.025	0.0203	0.0146	0.0106	0.0085	0.0067	0.0054	0.0043	0.0035	0.0027	0.0019	0.0019	0.0012	9.0E-4	4.0E-4	3.0E-4	3.0E-4	2.0E-4	2.0E-4	1.0E-4	1.0E-4	1.0E-4	1.0E-4	0.0	0.0	0.0	0.0	0.0	0.0	0.0	0.0	0.0	0.0	0.0	0.0	0.0	0.0	0.0	0.0	0.0	0.0	0.0	0.0	0.0	0.0	0.0	0.0	0.0	0.0	0.0	0.0	0.0	0.0	0.0	0.0	0.0	0.0	0.0	0.0	0.0	0.0	0.0	0.0	0.0	0.0	0.0	0.0	0.0	0.0	0.0	0.0	0.0	0.0	0.0	0.0	0.0	0.0	0.0	0.0	0.0	
0.0	0.0	0.0	0.0156	0.1369	0.3443	0.5656	0.7361	0.851	0.92	0.959	0.9805	0.9901	0.9949	0.9973	0.9988	0.9995	0.9997	0.9997	0.9999	1.0	1.0	1.0	1.0	1.0	1.0	1.0	1.0	1.0	1.0	1.0	1.0	1.0	1.0	1.0	1.0	1.0	1.0	1.0	1.0	1.0	1.0	1.0	1.0	1.0	1.0	1.0	1.0	1.0	1.0	1.0	1.0	1.0	1.0	1.0	1.0	1.0	1.0	1.0	1.0	1.0	1.0	1.0	1.0	1.0	1.0	1.0	1.0	1.0	1.0	1.0	1.0	1.0	1.0	1.0	1.0	1.0	1.0	1.0	1.0	1.0	1.0	1.0	1.0	1.0	1.0	1.0	1.0	1.0	1.0	1.0	1.0	1.0	1.0	1.0	1.0	1.0	1.0	1.0	1.0	
1.0	1.0	1.0	0.999	0.9933	0.9792	0.9583	0.9254	0.8855	0.8416	0.7906	0.7393	0.6867	0.6348	0.5802	0.5304	0.4787	0.4326	0.3903	0.3507	0.3139	0.2763	0.2463	0.2161	0.1902	0.1655	0.1459	0.1268	0.1103	0.0973	0.0873	0.0776	0.0673	0.0577	0.0498	0.0428	0.0366	0.0316	0.0274	0.0238	0.0203	0.0173	0.0143	0.0126	0.0099	0.0084	0.0069	0.0062	0.0054	0.0046	0.0039	0.0035	0.003	0.0025	0.002	0.0015	0.0013	0.0011	8.0E-4	8.0E-4	6.0E-4	6.0E-4	5.0E-4	4.0E-4	3.0E-4	3.0E-4	3.0E-4	3.0E-4	3.0E-4	3.0E-4	2.0E-4	1.0E-4	1.0E-4	1.0E-4	0.0	0.0	0.0	0.0	0.0	0.0	0.0	0.0	0.0	0.0	0.0	0.0	0.0	0.0	0.0	0.0	0.0	0.0	0.0	0.0	0.0	0.0	0.0	0.0	0.0	0.0	
1.0	1.0	1.0	1.0	1.0	1.0	1.0	1.0	1.0	1.0	1.0	1.0	1.0	1.0	1.0	1.0	1.0	1.0	1.0	1.0	1.0	1.0	1.0	1.0	1.0	1.0	1.0	1.0	1.0	1.0	1.0	1.0	1.0	1.0	1.0	1.0	1.0	1.0	1.0	1.0	1.0	1.0	1.0	1.0	1.0	1.0	1.0	1.0	1.0	1.0	1.0	1.0	1.0	1.0	1.0	1.0	1.0	1.0	1.0	1.0	1.0	1.0	1.0	1.0	1.0	1.0	1.0	1.0	1.0	1.0	1.0	1.0	1.0	1.0	1.0	1.0	1.0	1.0	1.0	1.0	1.0	1.0	1.0	1.0	1.0	1.0	1.0	1.0	1.0	1.0	1.0	1.0	1.0	1.0	1.0	1.0	1.0	1.0	1.0	1.0	
1.0	1.0	1.0	1.0	1.0	1.0	1.0	1.0	1.0	1.0	1.0	1.0	1.0	1.0	1.0	1.0	1.0	1.0	1.0	1.0	1.0	1.0	1.0	1.0	1.0	1.0	1.0	1.0	1.0	1.0	1.0	1.0	1.0	1.0	1.0	1.0	1.0	1.0	1.0	1.0	1.0	1.0	1.0	1.0	1.0	1.0	1.0	1.0	1.0	1.0	1.0	1.0	1.0	1.0	1.0	1.0	1.0	1.0	1.0	1.0	1.0	1.0	1.0	1.0	1.0	1.0	1.0	1.0	1.0	1.0	1.0	1.0	1.0	1.0	1.0	1.0	1.0	1.0	1.0	1.0	1.0	1.0	1.0	1.0	1.0	1.0	1.0	1.0	1.0	1.0	1.0	1.0	1.0	1.0	1.0	1.0	1.0	1.0	1.0	1.0	
0.5	0.5	0.5	0.5	0.499775	0.498125	0.4934125	0.4822875	0.4643	0.441125	0.4125	0.3836625	0.35315	0.32335	0.2949375	0.26835	0.242775	0.2176875	0.1959125	0.1742	0.1554	0.137625	0.1208375	0.106	0.0933375	0.0822125	0.071275	0.0622875	0.053925	0.046775	0.0401375	0.03495	0.0302625	0.025825	0.022025	0.018875	0.0161	0.0139625	0.0120625	0.01005	0.00865	0.0076375	0.0065	0.0055875	0.0049	0.004275	0.0036625	0.003375	0.0028125	0.0023375	0.0019	0.00155	0.0012625	0.0010875	8.5E-4	6.25E-4	5.75E-4	5.375E-4	4.75E-4	3.875E-4	3.25E-4	3.125E-4	2.375E-4	1.5E-4	1.5E-4	1.5E-4	1.25E-4	1.25E-4	1.125E-4	1.0E-4	1.0E-4	7.5E-5	7.5E-5	6.25E-5	6.25E-5	6.25E-5	3.75E-5	3.75E-5	3.75E-5	3.75E-5	3.75E-5	3.75E-5	2.5E-5	2.5E-5	0.0	0.0	0.0	0.0	0.0	0.0	0.0	0.0	0.0	0.0	0.0	0.0	0.0	0.0	0.0	0.0	
0.0	0.0	0.0	2.5E-5	0.001675	0.0095	0.02805	0.05755	0.09475	0.1387	0.1883	0.239025	0.28895	0.338675	0.38395	0.432025	0.477525	0.5171	0.554575	0.5867	0.618625	0.6477	0.6715	0.6922	0.7104	0.728375	0.74315	0.756625	0.7669	0.77615	0.78545	0.79255	0.799075	0.8043	0.808475	0.81245	0.815975	0.8186	0.820775	0.82295	0.825	0.826275	0.827475	0.82855	0.829775	0.830525	0.83115	0.831575	0.832025	0.83245	0.832525	0.83305	0.833175	0.833475	0.833725	0.8338	0.833825	0.8339	0.833925	0.833975	0.834025	0.834075	0.834075	0.834075	0.834075	0.834075	0.834075	0.834075	0.834125	0.834125	0.834175	0.834225	0.834225	0.834225	0.834225	0.834225	0.83425	0.83425	0.83425	0.83425	0.83425	0.83425	0.83425	0.83425	0.83425	0.83425	0.83425	0.83425	0.83425	0.83425	0.83425	0.83425	0.83425	0.83425	0.83425	0.83425	0.83425	0.83425	0.83425	0.83425	
