0.0	0.0	0.0	0.0	0.0	0.0	4.0E-4	7.0E-4	0.0019	0.0035	0.0051	0.0068	0.0093	0.0116	0.0129	0.0138	0.0149	0.0167	0.0172	0.0177	0.0185	0.0193	0.0198	0.0216	0.0218	0.0216	0.0208	0.0206	0.0208	0.0207	0.0215	0.0222	0.0222	0.0218	0.0218	0.0217	0.0221	0.0221	0.0223	0.0216	0.0211	0.0216	0.023	0.0227	0.0233	0.0234	0.0249	0.0236	0.0235	0.0242	0.0242	0.0246	0.025	0.0259	0.0254	0.0254	0.0256	0.0262	0.027	0.0261	0.0257	0.0259	0.0255	0.0256	0.0254	0.0262	0.0262	0.0255	0.0255	0.0261	0.0267	0.026	0.0268	0.0254	0.0256	0.0266	0.0258	0.0266	0.0251	0.0243	0.024	0.0241	0.0255	0.0246	0.0245	0.0238	0.0243	0.0236	0.0238	0.0238	0.0248	0.0241	0.0243	0.0241	0.0233	0.0241	0.025	0.0242	0.0228	0.023	
1.0	1.0	1.0	1.0	1.0	1.0	1.0	1.0	1.0	1.0	1.0	1.0	1.0	1.0	1.0	1.0	1.0	1.0	1.0	1.0	1.0	1.0	1.0	1.0	1.0	1.0	1.0	1.0	1.0	1.0	1.0	1.0	1.0	1.0	1.0	1.0	1.0	1.0	1.0	1.0	1.0	1.0	1.0	1.0	1.0	1.0	1.0	1.0	1.0	1.0	1.0	1.0	1.0	1.0	1.0	1.0	1.0	1.0	1.0	1.0	1.0	1.0	1.0	1.0	1.0	1.0	1.0	1.0	1.0	1.0	1.0	1.0	1.0	1.0	1.0	1.0	1.0	1.0	1.0	1.0	1.0	1.0	1.0	1.0	1.0	1.0	1.0	1.0	1.0	1.0	1.0	1.0	1.0	1.0	1.0	1.0	1.0	1.0	1.0	1.0	
1.0	1.0	1.0	1.0	0.9999	0.9993	0.9976	0.9953	0.9874	0.9748	0.96	0.943	0.9237	0.9029	0.8845	0.867	0.8514	0.8375	0.8245	0.8112	0.7976	0.7846	0.7749	0.768	0.757	0.7541	0.7502	0.7453	0.7403	0.7369	0.7352	0.7286	0.7253	0.725	0.7183	0.7134	0.712	0.7098	0.7079	0.7066	0.7049	0.7052	0.7037	0.7083	0.7066	0.7034	0.6997	0.6987	0.6992	0.698	0.6982	0.6985	0.6969	0.6975	0.6937	0.6982	0.6991	0.7039	0.7071	0.7076	0.7094	0.7107	0.7086	0.7078	0.7078	0.709	0.7112	0.7107	0.7142	0.7136	0.7139	0.7159	0.7162	0.7172	0.7169	0.7153	0.7117	0.7115	0.7129	0.7143	0.7158	0.7158	0.7146	0.7145	0.7139	0.7117	0.7088	0.7069	0.7095	0.7091	0.71	0.7125	0.7154	0.7155	0.7204	0.721	0.7247	0.7234	0.725	0.7268	
0.0	0.0	0.0	0.0	0.0	0.0	0.0	0.0	0.0	0.0	0.0	0.0	0.0	0.0	1.0E-4	1.0E-4	1.0E-4	1.0E-4	1.0E-4	4.0E-4	5.0E-4	7.0E-4	9.0E-4	0.0011	0.0013	0.0018	0.0024	0.0033	0.0038	0.0048	0.0051	0.0062	0.0067	0.007	0.0078	0.009	0.0101	0.0107	0.0112	0.0123	0.0131	0.0139	0.0141	0.0145	0.0151	0.0156	0.0159	0.017	0.0176	0.0177	0.0179	0.0187	0.0191	0.02	0.0205	0.0218	0.0223	0.0229	0.0237	0.0245	0.0255	0.0254	0.0257	0.0276	0.0286	0.0289	0.0287	0.0296	0.0309	0.0309	0.0319	0.0321	0.0329	0.0336	0.0352	0.036	0.0357	0.0363	0.0375	0.0371	0.038	0.0386	0.0388	0.0389	0.039	0.0388	0.0384	0.0378	0.038	0.0388	0.0386	0.0399	0.0397	0.0404	0.0413	0.0419	0.0427	0.0441	0.0439	0.0435	
1.0	1.0	1.0	1.0	1.0	1.0	1.0	1.0	0.9998	0.9994	0.9989	0.9986	0.9975	0.9964	0.9949	0.9932	0.9913	0.9902	0.9896	0.989	0.9876	0.9865	0.9861	0.9853	0.9855	0.9842	0.9822	0.981	0.9807	0.9799	0.9798	0.98	0.9794	0.9785	0.9768	0.9772	0.9772	0.9775	0.9771	0.9757	0.977	0.9763	0.9759	0.9745	0.973	0.9733	0.9739	0.9742	0.9739	0.9726	0.9712	0.9725	0.9721	0.9724	0.9727	0.9718	0.9721	0.9726	0.9742	0.9743	0.9743	0.9753	0.9747	0.9741	0.9747	0.9752	0.9751	0.9758	0.9756	0.9753	0.976	0.9764	0.9761	0.9758	0.9756	0.976	0.9767	0.9772	0.9775	0.9766	0.976	0.9761	0.9767	0.9761	0.976	0.9769	0.9773	0.9763	0.9762	0.9767	0.9764	0.9773	0.9769	0.9757	0.9765	0.9767	0.9762	0.9768	0.9768	0.9767	
1.0	1.0	1.0	1.0	1.0	1.0	1.0	1.0	1.0	1.0	1.0	1.0	1.0	1.0	1.0	1.0	1.0	1.0	1.0	1.0	1.0	1.0	1.0	1.0	1.0	1.0	1.0	1.0	1.0	1.0	1.0	1.0	1.0	1.0	1.0	1.0	1.0	1.0	1.0	1.0	1.0	1.0	1.0	1.0	1.0	1.0	1.0	1.0	1.0	1.0	1.0	1.0	1.0	1.0	1.0	1.0	1.0	1.0	1.0	1.0	1.0	1.0	1.0	1.0	1.0	1.0	1.0	1.0	1.0	1.0	1.0	1.0	1.0	1.0	1.0	1.0	1.0	1.0	1.0	1.0	1.0	1.0	1.0	1.0	1.0	1.0	1.0	1.0	1.0	1.0	1.0	1.0	1.0	1.0	1.0	1.0	1.0	1.0	1.0	1.0	
0.0	0.0	0.0	0.0	0.0	0.0	0.0	0.0	0.0	0.0	1.0E-4	1.0E-4	5.0E-4	7.0E-4	0.0012	0.0017	0.0025	0.0033	0.0043	0.0046	0.0062	0.0078	0.0095	0.0105	0.0113	0.0123	0.0138	0.0143	0.0149	0.0155	0.0168	0.0168	0.0175	0.0183	0.0181	0.019	0.019	0.019	0.0206	0.0213	0.0213	0.0209	0.0207	0.0208	0.0221	0.0224	0.0219	0.0226	0.0228	0.0226	0.0234	0.023	0.0232	0.0235	0.0237	0.023	0.0232	0.0223	0.0231	0.0232	0.0241	0.0246	0.0247	0.0251	0.0251	0.0261	0.0257	0.0259	0.0255	0.0259	0.0267	0.0271	0.0274	0.0273	0.027	0.0264	0.0248	0.0252	0.0246	0.0249	0.0254	0.0249	0.0254	0.0259	0.0255	0.0246	0.0242	0.0256	0.0257	0.0255	0.0253	0.0255	0.0262	0.0267	0.0263	0.0261	0.0259	0.0258	0.0265	0.0268	
0.0	0.0	0.0	0.0	0.0	0.0	0.0	0.0	0.0	0.0	0.0	0.0	0.0	1.0E-4	1.0E-4	1.0E-4	2.0E-4	2.0E-4	2.0E-4	5.0E-4	6.0E-4	6.0E-4	7.0E-4	7.0E-4	9.0E-4	0.0012	0.0013	0.0016	0.0017	0.0019	0.0019	0.002	0.002	0.002	0.0021	0.0021	0.0021	0.0022	0.0022	0.0022	0.0022	0.0023	0.0024	0.0024	0.0025	0.0027	0.0029	0.0032	0.0032	0.0034	0.0034	0.0036	0.0037	0.0039	0.004	0.004	0.004	0.0041	0.0043	0.0047	0.0052	0.0054	0.0055	0.0059	0.006	0.0063	0.0067	0.0069	0.0072	0.0074	0.0079	0.0079	0.0083	0.0086	0.0086	0.0086	0.0088	0.0091	0.0095	0.0096	0.0096	0.0096	0.0098	0.0099	0.0101	0.0102	0.0102	0.0103	0.0104	0.0106	0.0107	0.0107	0.0109	0.011	0.011	0.0113	0.0113	0.0114	0.0115	0.0117	
0.0	0.0	0.0	0.0	0.0	0.0	1.0E-4	2.0E-4	3.0E-4	8.0E-4	0.0013	0.002	0.0029	0.004	0.005	0.0059	0.0067	0.009	0.0109	0.0117	0.0126	0.0142	0.0158	0.018	0.0193	0.0211	0.0218	0.023	0.0248	0.0264	0.0275	0.0291	0.0305	0.0321	0.0347	0.0363	0.0375	0.0392	0.0406	0.0421	0.044	0.0463	0.0478	0.0498	0.0516	0.053	0.0545	0.0568	0.058	0.06	0.0611	0.0626	0.0657	0.0665	0.0678	0.0691	0.0709	0.0723	0.074	0.0758	0.0772	0.0782	0.0797	0.0815	0.0833	0.0848	0.086	0.088	0.0896	0.0919	0.0944	0.0959	0.0971	0.0986	0.1002	0.1019	0.1039	0.1058	0.1072	0.1096	0.1107	0.1128	0.1141	0.1155	0.1167	0.1182	0.1201	0.1225	0.1236	0.1249	0.126	0.1275	0.1289	0.1298	0.131	0.1322	0.1342	0.1352	0.1359	0.1378	
0.0	0.0	0.0	0.0	0.0	0.0	0.0	0.0	0.0	0.0	0.0	0.0	0.0	0.0	0.0	0.0	0.0	0.0	0.0	0.0	0.0	0.0	0.0	0.0	0.0	0.0	0.0	0.0	0.0	0.0	0.0	0.0	0.0	0.0	0.0	0.0	0.0	0.0	0.0	0.0	0.0	0.0	0.0	0.0	0.0	0.0	0.0	0.0	0.0	0.0	0.0	0.0	0.0	0.0	0.0	0.0	0.0	0.0	0.0	0.0	0.0	0.0	0.0	0.0	0.0	0.0	0.0	0.0	0.0	0.0	0.0	0.0	0.0	0.0	0.0	0.0	0.0	0.0	0.0	0.0	0.0	0.0	0.0	0.0	0.0	0.0	0.0	0.0	0.0	0.0	0.0	0.0	0.0	0.0	0.0	0.0	0.0	0.0	0.0	0.0	
1.0	1.0	1.0	1.0	1.0	1.0	1.0	1.0	1.0	1.0	1.0	1.0	1.0	1.0	1.0	1.0	1.0	1.0	1.0	1.0	1.0	1.0	1.0	1.0	1.0	1.0	1.0	1.0	1.0	1.0	1.0	1.0	1.0	1.0	1.0	1.0	1.0	1.0	1.0	1.0	1.0	1.0	1.0	1.0	1.0	1.0	1.0	1.0	1.0	1.0	1.0	1.0	1.0	1.0	1.0	1.0	1.0	1.0	1.0	1.0	1.0	1.0	1.0	1.0	1.0	1.0	1.0	1.0	1.0	1.0	1.0	1.0	1.0	1.0	1.0	1.0	1.0	1.0	1.0	1.0	1.0	1.0	1.0	1.0	1.0	1.0	1.0	1.0	1.0	1.0	1.0	1.0	1.0	1.0	1.0	1.0	1.0	1.0	1.0	1.0	
0.0	0.0	0.0	0.0	0.0	0.0	0.0	0.0	0.0	0.0	0.0	0.0	0.0	0.0	0.0	0.0	0.0	0.0	0.0	0.0	0.0	0.0	0.0	0.0	0.0	0.0	0.0	0.0	0.0	0.0	0.0	0.0	0.0	0.0	0.0	0.0	0.0	0.0	0.0	0.0	0.0	0.0	0.0	0.0	0.0	0.0	0.0	0.0	0.0	0.0	0.0	0.0	0.0	0.0	0.0	0.0	0.0	0.0	0.0	0.0	0.0	0.0	0.0	0.0	0.0	0.0	0.0	0.0	0.0	0.0	0.0	0.0	0.0	0.0	0.0	0.0	0.0	0.0	0.0	0.0	0.0	0.0	0.0	0.0	0.0	0.0	0.0	0.0	0.0	0.0	0.0	0.0	0.0	0.0	0.0	0.0	0.0	0.0	0.0	0.0	
1.0	1.0	1.0	1.0	0.9996	0.9973	0.9898	0.9759	0.9568	0.9317	0.915	0.9003	0.8906	0.8802	0.8767	0.8738	0.8685	0.8707	0.8713	0.8698	0.8713	0.8735	0.8704	0.8648	0.867	0.8656	0.8679	0.8689	0.8692	0.8684	0.8684	0.8656	0.867	0.8665	0.8672	0.8699	0.8703	0.8723	0.8698	0.8659	0.8656	0.8675	0.8618	0.8593	0.862	0.8626	0.8658	0.8636	0.8644	0.8624	0.8609	0.8555	0.8579	0.8613	0.8619	0.8655	0.8656	0.8663	0.8674	0.8661	0.8722	0.8679	0.8652	0.8655	0.8656	0.865	0.8665	0.8695	0.8679	0.8708	0.8749	0.8739	0.8744	0.8693	0.8694	0.8662	0.8688	0.872	0.8709	0.8713	0.8653	0.8637	0.8644	0.8652	0.8662	0.8642	0.8671	0.8672	0.8656	0.8682	0.8681	0.8699	0.8719	0.8734	0.8711	0.87	0.8705	0.8709	0.8703	0.869	
0.0	0.0	0.0	0.0	0.0	0.0	0.0	0.0	0.0	0.0	0.0	0.0	0.0	0.0	0.0	0.0	0.0	0.0	0.0	0.0	0.0	0.0	0.0	0.0	0.0	0.0	0.0	0.0	0.0	0.0	0.0	0.0	0.0	0.0	0.0	0.0	0.0	0.0	0.0	0.0	0.0	0.0	0.0	0.0	0.0	0.0	0.0	0.0	0.0	0.0	0.0	0.0	0.0	0.0	0.0	0.0	0.0	0.0	0.0	0.0	0.0	0.0	0.0	0.0	0.0	0.0	0.0	0.0	0.0	0.0	0.0	0.0	0.0	0.0	0.0	0.0	0.0	0.0	0.0	0.0	0.0	0.0	0.0	0.0	0.0	0.0	0.0	0.0	0.0	0.0	0.0	0.0	0.0	0.0	0.0	0.0	0.0	0.0	0.0	0.0	
1.0	1.0	1.0	1.0	1.0	1.0	1.0	1.0	1.0	1.0	1.0	1.0	1.0	1.0	1.0	1.0	1.0	1.0	1.0	1.0	1.0	1.0	1.0	1.0	1.0	1.0	1.0	1.0	1.0	1.0	1.0	1.0	1.0	1.0	1.0	1.0	1.0	1.0	1.0	1.0	1.0	1.0	1.0	1.0	1.0	1.0	1.0	1.0	1.0	1.0	1.0	1.0	1.0	1.0	1.0	1.0	1.0	1.0	1.0	1.0	1.0	1.0	1.0	1.0	1.0	1.0	1.0	1.0	1.0	1.0	1.0	1.0	1.0	1.0	1.0	1.0	1.0	1.0	1.0	1.0	1.0	1.0	1.0	1.0	1.0	1.0	1.0	1.0	1.0	1.0	1.0	1.0	1.0	1.0	1.0	1.0	1.0	1.0	1.0	1.0	
0.0	0.0	0.0	0.0	0.0	0.0	0.0	0.0	0.0	0.0	0.0	0.0	0.0	0.0	0.0	0.0	0.0	0.0	0.0	0.0	0.0	0.0	0.0	0.0	0.0	0.0	0.0	0.0	0.0	0.0	0.0	0.0	0.0	0.0	0.0	0.0	0.0	0.0	0.0	0.0	0.0	0.0	0.0	0.0	0.0	0.0	0.0	0.0	0.0	0.0	0.0	0.0	0.0	0.0	0.0	0.0	0.0	0.0	0.0	0.0	0.0	0.0	0.0	0.0	0.0	0.0	0.0	0.0	0.0	0.0	0.0	0.0	0.0	0.0	0.0	0.0	0.0	0.0	0.0	0.0	0.0	0.0	0.0	0.0	0.0	0.0	0.0	0.0	0.0	0.0	0.0	0.0	0.0	0.0	0.0	0.0	0.0	0.0	0.0	0.0	
0.0	0.0	0.0	0.0	0.0	0.0	0.0	0.0	0.0	0.0	0.0	0.0	0.0	0.0	0.0	0.0	0.0	0.0	0.0	0.0	0.0	0.0	0.0	0.0	0.0	0.0	0.0	0.0	0.0	0.0	0.0	0.0	0.0	0.0	0.0	0.0	0.0	0.0	0.0	0.0	0.0	0.0	0.0	0.0	0.0	0.0	0.0	0.0	0.0	0.0	0.0	0.0	0.0	0.0	0.0	0.0	0.0	0.0	0.0	0.0	0.0	0.0	0.0	0.0	0.0	0.0	0.0	0.0	0.0	0.0	0.0	0.0	0.0	0.0	0.0	0.0	0.0	0.0	0.0	0.0	0.0	0.0	0.0	0.0	0.0	0.0	0.0	0.0	0.0	0.0	0.0	0.0	0.0	0.0	0.0	0.0	0.0	0.0	0.0	0.0	
0.0	0.0	0.0	1.0E-4	7.0E-4	0.004	0.0129	0.0243	0.0399	0.0582	0.0783	0.0972	0.118	0.1388	0.1592	0.1808	0.2027	0.2217	0.2395	0.2581	0.279	0.2979	0.3149	0.3328	0.35	0.3671	0.3837	0.4014	0.4188	0.4363	0.4499	0.4639	0.478	0.4933	0.5066	0.5192	0.5325	0.5459	0.5578	0.5687	0.581	0.5917	0.6006	0.61	0.6192	0.6289	0.6397	0.6494	0.6601	0.6692	0.6775	0.6865	0.6933	0.7023	0.7107	0.7189	0.7272	0.7346	0.7428	0.7496	0.7538	0.7609	0.7671	0.7737	0.7796	0.7852	0.7905	0.7967	0.8022	0.8069	0.8125	0.8188	0.8239	0.8278	0.8314	0.8365	0.8409	0.8446	0.8487	0.8537	0.8569	0.8601	0.8638	0.8672	0.8722	0.8751	0.8786	0.8818	0.8856	0.8886	0.891	0.8938	0.8971	0.8994	0.9016	0.9048	0.907	0.9092	0.9116	0.9132	
0.0	0.0	0.0	1.0E-4	0.0015	0.0054	0.0147	0.0253	0.035	0.0454	0.0562	0.064	0.0702	0.0753	0.0799	0.0862	0.0908	0.0937	0.0932	0.0942	0.0934	0.0967	0.0932	0.0952	0.0983	0.0964	0.0989	0.1022	0.1047	0.1037	0.1065	0.1066	0.1032	0.1023	0.1019	0.0998	0.104	0.1047	0.1055	0.1061	0.105	0.1069	0.1086	0.1068	0.1046	0.1053	0.1053	0.1045	0.1035	0.1053	0.1043	0.1067	0.105	0.105	0.1031	0.1013	0.1023	0.1025	0.1017	0.1001	0.1002	0.0998	0.1022	0.1029	0.1017	0.1039	0.1046	0.1061	0.1072	0.106	0.1046	0.1048	0.1044	0.1049	0.1024	0.1009	0.1019	0.1003	0.1001	0.1017	0.103	0.103	0.1011	0.1025	0.1023	0.0982	0.0973	0.0959	0.0949	0.099	0.0986	0.0991	0.0973	0.0966	0.0974	0.0994	0.1003	0.1013	0.102	0.1009	
1.0	1.0	1.0	0.9212	0.6775	0.4248	0.2414	0.1284	0.0642	0.0326	0.0162	0.0073	0.0039	0.0015	5.0E-4	2.0E-4	2.0E-4	0.0	0.0	0.0	0.0	0.0	0.0	0.0	0.0	0.0	0.0	0.0	0.0	0.0	0.0	0.0	0.0	0.0	0.0	0.0	0.0	0.0	0.0	0.0	0.0	0.0	0.0	0.0	0.0	0.0	0.0	0.0	0.0	0.0	0.0	0.0	0.0	0.0	0.0	0.0	0.0	0.0	0.0	0.0	0.0	0.0	0.0	0.0	0.0	0.0	0.0	0.0	0.0	0.0	0.0	0.0	0.0	0.0	0.0	0.0	0.0	0.0	0.0	0.0	0.0	0.0	0.0	0.0	0.0	0.0	0.0	0.0	0.0	0.0	0.0	0.0	0.0	0.0	0.0	0.0	0.0	0.0	0.0	0.0	
0.0	0.0	0.0	0.0	0.0	0.0	0.0	0.0	0.0	0.0	0.0	0.0	0.0	0.0	0.0	0.0	0.0	0.0	0.0	0.0	0.0	0.0	0.0	0.0	0.0	0.0	0.0	0.0	0.0	0.0	0.0	0.0	0.0	0.0	0.0	0.0	0.0	0.0	0.0	0.0	0.0	0.0	0.0	0.0	0.0	0.0	0.0	0.0	0.0	0.0	0.0	0.0	0.0	0.0	0.0	0.0	0.0	0.0	0.0	0.0	0.0	0.0	0.0	0.0	0.0	0.0	0.0	0.0	0.0	0.0	0.0	0.0	0.0	0.0	0.0	0.0	0.0	0.0	0.0	0.0	0.0	0.0	0.0	0.0	0.0	0.0	0.0	0.0	0.0	0.0	0.0	0.0	0.0	0.0	0.0	0.0	0.0	0.0	0.0	0.0	
0.0	0.0	1.0	1.0	1.0	1.0	1.0	1.0	1.0	1.0	1.0	1.0	1.0	1.0	1.0	1.0	1.0	1.0	1.0	1.0	1.0	1.0	1.0	1.0	1.0	1.0	1.0	1.0	1.0	1.0	1.0	1.0	1.0	1.0	1.0	1.0	1.0	1.0	1.0	1.0	1.0	1.0	1.0	1.0	1.0	1.0	1.0	1.0	1.0	1.0	1.0	1.0	1.0	1.0	1.0	1.0	1.0	1.0	1.0	1.0	1.0	1.0	1.0	1.0	1.0	1.0	1.0	1.0	1.0	1.0	1.0	1.0	1.0	1.0	1.0	1.0	1.0	1.0	1.0	1.0	1.0	1.0	1.0	1.0	1.0	1.0	1.0	1.0	1.0	1.0	1.0	1.0	1.0	1.0	1.0	1.0	1.0	1.0	1.0	1.0	
1.0	1.0	1.0	0.9997	0.9944	0.9814	0.9581	0.9355	0.914	0.8961	0.8793	0.8648	0.8535	0.8473	0.8366	0.8264	0.8256	0.8284	0.8198	0.817	0.8147	0.8111	0.8101	0.8142	0.8191	0.8131	0.8121	0.8121	0.8086	0.8083	0.8053	0.8078	0.8071	0.8054	0.8032	0.8078	0.81	0.8114	0.8114	0.8098	0.8031	0.8007	0.7987	0.8004	0.8025	0.8026	0.8043	0.7986	0.805	0.8074	0.8121	0.8083	0.8077	0.807	0.8124	0.8177	0.8151	0.8103	0.8082	0.8071	0.807	0.8107	0.8084	0.8083	0.8135	0.8149	0.811	0.8113	0.8055	0.8039	0.8043	0.8038	0.8032	0.8037	0.8069	0.8071	0.806	0.8089	0.8073	0.8078	0.8071	0.8035	0.8052	0.8042	0.8035	0.8081	0.8111	0.8124	0.816	0.8169	0.8184	0.8155	0.8094	0.812	0.8095	0.8156	0.8124	0.8083	0.8086	0.8095	
0.0	0.0	0.0	0.0	0.0	0.0	0.0	0.0	1.0E-4	1.0E-4	1.0E-4	3.0E-4	5.0E-4	0.0011	0.0016	0.0024	0.0035	0.0042	0.0049	0.0057	0.0078	0.0096	0.01	0.0116	0.0123	0.0136	0.0148	0.0151	0.016	0.0171	0.0166	0.0177	0.0182	0.0186	0.0192	0.0187	0.0191	0.0199	0.0203	0.0219	0.0214	0.021	0.0209	0.0213	0.0227	0.0224	0.0224	0.023	0.0225	0.0229	0.0228	0.0229	0.0234	0.0244	0.0234	0.023	0.0227	0.0227	0.0232	0.0235	0.025	0.0247	0.0253	0.0253	0.0254	0.0261	0.0261	0.0259	0.0257	0.0259	0.0271	0.0274	0.0271	0.0266	0.026	0.0255	0.0252	0.0248	0.0259	0.0255	0.0252	0.0251	0.0256	0.0251	0.0245	0.0255	0.0254	0.0257	0.0259	0.0255	0.0256	0.0253	0.0256	0.0255	0.026	0.0258	0.0262	0.0265	0.0275	0.0274	
0.0	0.0	0.0	0.0	0.0	0.0	0.0	0.0	0.0	0.0	0.0	0.0	0.0	0.0	0.0	0.0	0.0	0.0	0.0	0.0	0.0	0.0	0.0	0.0	0.0	0.0	0.0	0.0	0.0	0.0	0.0	0.0	0.0	0.0	0.0	0.0	0.0	0.0	0.0	0.0	0.0	0.0	0.0	0.0	0.0	0.0	0.0	0.0	0.0	0.0	0.0	0.0	0.0	0.0	0.0	0.0	0.0	0.0	0.0	0.0	0.0	0.0	0.0	0.0	0.0	0.0	0.0	0.0	0.0	0.0	0.0	0.0	0.0	0.0	0.0	0.0	0.0	0.0	0.0	0.0	0.0	0.0	0.0	0.0	0.0	0.0	0.0	0.0	0.0	0.0	0.0	0.0	0.0	0.0	0.0	0.0	0.0	0.0	0.0	0.0	
0.0	0.0	0.0	0.0	0.0	0.0	0.0	0.0	0.0	0.0	0.0	0.0	0.0	0.0	0.0	0.0	0.0	0.0	0.0	0.0	0.0	0.0	0.0	0.0	0.0	0.0	0.0	0.0	0.0	0.0	0.0	0.0	0.0	0.0	0.0	0.0	0.0	0.0	0.0	0.0	0.0	0.0	0.0	0.0	0.0	0.0	0.0	0.0	0.0	0.0	0.0	0.0	0.0	0.0	0.0	0.0	0.0	0.0	0.0	0.0	0.0	0.0	0.0	0.0	0.0	0.0	0.0	0.0	0.0	0.0	0.0	0.0	0.0	0.0	0.0	0.0	0.0	0.0	0.0	0.0	0.0	0.0	0.0	0.0	0.0	0.0	0.0	0.0	0.0	0.0	0.0	0.0	0.0	0.0	0.0	0.0	0.0	0.0	0.0	0.0	
1.0	1.0	1.0	1.0	1.0	1.0	1.0	1.0	1.0	1.0	1.0	1.0	1.0	1.0	1.0	1.0	1.0	1.0	1.0	1.0	1.0	1.0	1.0	1.0	1.0	1.0	1.0	1.0	1.0	1.0	1.0	1.0	1.0	1.0	1.0	1.0	1.0	1.0	1.0	1.0	1.0	1.0	1.0	1.0	1.0	1.0	1.0	1.0	1.0	1.0	1.0	1.0	1.0	1.0	1.0	1.0	1.0	1.0	1.0	1.0	1.0	1.0	1.0	1.0	1.0	1.0	1.0	1.0	1.0	1.0	1.0	1.0	1.0	1.0	1.0	1.0	1.0	1.0	1.0	1.0	1.0	1.0	1.0	1.0	1.0	1.0	1.0	1.0	1.0	1.0	1.0	1.0	1.0	1.0	1.0	1.0	1.0	1.0	1.0	1.0	
0.0	0.0	0.0	0.0	0.0	3.0E-4	0.0021	0.006	0.0111	0.0189	0.0289	0.038	0.0462	0.054	0.0597	0.0685	0.0729	0.0759	0.0808	0.0843	0.0876	0.089	0.0925	0.0943	0.0958	0.095	0.0967	0.0964	0.0963	0.0979	0.0979	0.0978	0.0981	0.0951	0.0946	0.0945	0.0921	0.0917	0.0944	0.0974	0.0999	0.1006	0.1006	0.1005	0.1018	0.1006	0.1016	0.1006	0.1013	0.1012	0.1014	0.1029	0.1023	0.1019	0.1029	0.1019	0.1015	0.1032	0.1023	0.1005	0.0952	0.0951	0.0965	0.1026	0.1029	0.1041	0.1011	0.1008	0.1019	0.1022	0.1016	0.0998	0.0999	0.101	0.0992	0.0963	0.0957	0.0977	0.0971	0.0964	0.0936	0.0933	0.0936	0.0929	0.0941	0.0963	0.0952	0.0963	0.0962	0.0974	0.0971	0.0979	0.0969	0.0989	0.0969	0.098	0.0973	0.0962	0.0956	0.0964	
0.0	0.0	0.0	0.0017	0.0147	0.0385	0.064	0.0849	0.1042	0.1234	0.1381	0.1468	0.1576	0.1584	0.1703	0.1759	0.1794	0.1797	0.183	0.1867	0.1861	0.1854	0.1827	0.1793	0.1839	0.1887	0.186	0.1859	0.1911	0.193	0.1938	0.1915	0.193	0.1958	0.1927	0.1905	0.1886	0.1895	0.1955	0.1976	0.1973	0.1962	0.2013	0.1993	0.1946	0.1947	0.1946	0.1973	0.1934	0.1916	0.1967	0.1945	0.1908	0.1932	0.1858	0.1862	0.1892	0.1911	0.1955	0.1914	0.1917	0.1887	0.1931	0.1908	0.1869	0.1896	0.1919	0.1927	0.1958	0.1938	0.1971	0.195	0.1953	0.1915	0.19	0.1944	0.1901	0.1914	0.1904	0.195	0.1911	0.195	0.1918	0.1967	0.1966	0.1907	0.1844	0.1863	0.1845	0.1874	0.1889	0.1862	0.1891	0.1854	0.1908	0.1917	0.1912	0.1915	0.1913	0.1899	
1.0	1.0	1.0	1.0	1.0	1.0	1.0	1.0	1.0	1.0	1.0	1.0	1.0	1.0	1.0	1.0	1.0	1.0	1.0	1.0	1.0	1.0	1.0	1.0	1.0	1.0	1.0	1.0	1.0	1.0	1.0	1.0	1.0	1.0	1.0	1.0	1.0	1.0	1.0	1.0	1.0	1.0	1.0	1.0	1.0	1.0	1.0	1.0	1.0	1.0	1.0	1.0	1.0	1.0	1.0	1.0	1.0	1.0	1.0	1.0	1.0	1.0	1.0	1.0	1.0	1.0	1.0	1.0	1.0	1.0	1.0	1.0	1.0	1.0	1.0	1.0	1.0	1.0	1.0	1.0	1.0	1.0	1.0	1.0	1.0	1.0	1.0	1.0	1.0	1.0	1.0	1.0	1.0	1.0	1.0	1.0	1.0	1.0	1.0	1.0	
1.0	1.0	1.0	0.9184	0.6838	0.426	0.2386	0.1253	0.0606	0.0293	0.0127	0.0063	0.0026	0.0014	7.0E-4	3.0E-4	1.0E-4	0.0	0.0	0.0	0.0	0.0	0.0	0.0	0.0	0.0	0.0	0.0	0.0	0.0	0.0	0.0	0.0	0.0	0.0	0.0	0.0	0.0	0.0	0.0	0.0	0.0	0.0	0.0	0.0	0.0	0.0	0.0	0.0	0.0	0.0	0.0	0.0	0.0	0.0	0.0	0.0	0.0	0.0	0.0	0.0	0.0	0.0	0.0	0.0	0.0	0.0	0.0	0.0	0.0	0.0	0.0	0.0	0.0	0.0	0.0	0.0	0.0	0.0	0.0	0.0	0.0	0.0	0.0	0.0	0.0	0.0	0.0	0.0	0.0	0.0	0.0	0.0	0.0	0.0	0.0	0.0	0.0	0.0	0.0	
0.0	0.0	0.0	0.0	0.0	0.0	0.0	0.0	0.0	0.0	0.0	0.0	0.0	0.0	0.0	0.0	0.0	0.0	0.0	0.0	0.0	0.0	0.0	0.0	0.0	0.0	0.0	0.0	0.0	0.0	0.0	0.0	0.0	0.0	0.0	0.0	0.0	0.0	0.0	0.0	0.0	0.0	0.0	0.0	0.0	0.0	0.0	0.0	0.0	0.0	0.0	0.0	0.0	0.0	0.0	0.0	0.0	0.0	0.0	0.0	0.0	0.0	0.0	0.0	0.0	0.0	0.0	0.0	0.0	0.0	0.0	0.0	0.0	0.0	0.0	0.0	0.0	0.0	0.0	0.0	0.0	0.0	0.0	0.0	0.0	0.0	0.0	0.0	0.0	0.0	0.0	0.0	0.0	0.0	0.0	0.0	0.0	0.0	0.0	0.0	
0.0	0.0	0.0	0.0	0.0	0.0	0.0	0.0	0.0	0.0	0.0	0.0	0.0	0.0	0.0	0.0	0.0	0.0	0.0	0.0	0.0	0.0	0.0	0.0	0.0	0.0	0.0	0.0	0.0	0.0	0.0	0.0	0.0	0.0	0.0	0.0	0.0	0.0	0.0	0.0	0.0	0.0	0.0	0.0	0.0	0.0	0.0	0.0	0.0	0.0	0.0	0.0	0.0	0.0	0.0	0.0	0.0	0.0	0.0	0.0	0.0	0.0	0.0	0.0	0.0	0.0	0.0	0.0	0.0	0.0	0.0	0.0	0.0	0.0	0.0	0.0	0.0	0.0	0.0	0.0	0.0	0.0	0.0	0.0	0.0	0.0	0.0	0.0	0.0	0.0	0.0	0.0	0.0	0.0	0.0	0.0	0.0	0.0	0.0	0.0	
0.0	0.0	0.0	0.0	1.0E-4	4.0E-4	0.001	0.0025	0.0049	0.006	0.0079	0.0096	0.0112	0.0137	0.0153	0.0164	0.0192	0.0217	0.0223	0.0218	0.0223	0.0239	0.0241	0.0235	0.0232	0.025	0.0249	0.0246	0.0237	0.025	0.0248	0.024	0.0245	0.0251	0.0261	0.0266	0.0266	0.0261	0.026	0.0261	0.0278	0.027	0.0266	0.0269	0.0276	0.0272	0.0265	0.0263	0.0257	0.0255	0.0248	0.0233	0.0238	0.0252	0.0244	0.0249	0.0259	0.0267	0.0287	0.0286	0.0289	0.0295	0.0293	0.0292	0.0289	0.0301	0.0298	0.027	0.0271	0.0281	0.028	0.0269	0.0261	0.027	0.0273	0.0277	0.0265	0.027	0.0268	0.0268	0.0272	0.0284	0.03	0.0308	0.0296	0.0295	0.0285	0.0276	0.0289	0.0293	0.0284	0.0273	0.0282	0.0273	0.0272	0.0257	0.0251	0.0261	0.0256	0.0254	
0.0	0.0	0.0	0.0	0.0	0.0	0.0	0.0	0.0	0.0	0.0	0.0	0.0	0.0	0.0	0.0	0.0	0.0	0.0	0.0	0.0	0.0	0.0	0.0	0.0	0.0	0.0	0.0	0.0	0.0	0.0	0.0	0.0	0.0	0.0	0.0	0.0	0.0	0.0	0.0	0.0	0.0	0.0	0.0	0.0	0.0	0.0	0.0	0.0	0.0	0.0	0.0	0.0	0.0	0.0	0.0	0.0	0.0	0.0	0.0	0.0	0.0	0.0	0.0	0.0	0.0	0.0	0.0	0.0	0.0	0.0	0.0	0.0	0.0	0.0	0.0	0.0	0.0	0.0	0.0	0.0	0.0	0.0	0.0	0.0	0.0	0.0	0.0	0.0	0.0	0.0	0.0	0.0	0.0	0.0	0.0	0.0	0.0	0.0	0.0	
1.0	1.0	1.0	1.0	0.9972	0.9883	0.9716	0.9502	0.9336	0.9209	0.9137	0.908	0.904	0.9042	0.9021	0.902	0.9029	0.9043	0.9049	0.9025	0.9054	0.9057	0.9021	0.9006	0.8986	0.9025	0.9022	0.9014	0.8999	0.9018	0.8999	0.9008	0.9045	0.9064	0.9034	0.906	0.9064	0.8992	0.9019	0.8987	0.8995	0.8999	0.8965	0.8969	0.899	0.903	0.9008	0.8973	0.899	0.8961	0.8947	0.897	0.8991	0.9022	0.9034	0.9024	0.9002	0.9015	0.9028	0.9028	0.8988	0.8994	0.898	0.8979	0.896	0.8998	0.9015	0.9022	0.9031	0.9046	0.9047	0.9052	0.8995	0.8982	0.9002	0.9014	0.9056	0.9027	0.9021	0.897	0.898	0.8989	0.9011	0.9003	0.8999	0.9014	0.9031	0.901	0.9007	0.9023	0.9042	0.9015	0.9049	0.9035	0.9014	0.8992	0.9006	0.901	0.9031	0.91	
1.0	1.0	1.0	1.0	1.0	1.0	1.0	1.0	1.0	1.0	1.0	1.0	1.0	1.0	1.0	1.0	1.0	1.0	1.0	1.0	1.0	1.0	1.0	1.0	1.0	1.0	1.0	1.0	1.0	1.0	1.0	1.0	1.0	1.0	1.0	1.0	1.0	1.0	1.0	1.0	1.0	1.0	1.0	1.0	1.0	1.0	1.0	1.0	1.0	1.0	1.0	1.0	1.0	1.0	1.0	1.0	1.0	1.0	1.0	1.0	1.0	1.0	1.0	1.0	1.0	1.0	1.0	1.0	1.0	1.0	1.0	1.0	1.0	1.0	1.0	1.0	1.0	1.0	1.0	1.0	1.0	1.0	1.0	1.0	1.0	1.0	1.0	1.0	1.0	1.0	1.0	1.0	1.0	1.0	1.0	1.0	1.0	1.0	1.0	1.0	
0.0	0.0	0.0	0.0	0.0013	0.0056	0.0125	0.0239	0.034	0.0448	0.0519	0.0589	0.0663	0.0736	0.0775	0.0798	0.0848	0.0859	0.0876	0.0905	0.0953	0.0967	0.0982	0.0981	0.0983	0.1005	0.0986	0.0999	0.1026	0.1038	0.102	0.1015	0.1	0.0987	0.0965	0.0968	0.0968	0.0939	0.0959	0.0963	0.095	0.0961	0.0959	0.0984	0.0947	0.0958	0.0972	0.0962	0.096	0.0984	0.0987	0.0953	0.0973	0.0977	0.0962	0.0945	0.0963	0.0991	0.0999	0.1026	0.0994	0.0972	0.0957	0.0969	0.0947	0.0963	0.1	0.1049	0.1034	0.1002	0.0987	0.0983	0.0988	0.0982	0.0987	0.1	0.1005	0.1001	0.0983	0.0978	0.0993	0.1005	0.1026	0.1065	0.105	0.1033	0.1015	0.103	0.1025	0.1027	0.1014	0.1039	0.1001	0.1007	0.1021	0.1003	0.1018	0.1011	0.0994	0.1006	
0.0	0.0	0.0	0.0	0.0	0.0	0.0	0.0	0.0	0.0	0.0	0.0	0.0	0.0	0.0	0.0	0.0	0.0	0.0	0.0	0.0	0.0	0.0	0.0	0.0	0.0	0.0	0.0	0.0	0.0	0.0	0.0	0.0	0.0	0.0	0.0	0.0	0.0	0.0	0.0	0.0	0.0	0.0	0.0	0.0	0.0	0.0	0.0	0.0	0.0	0.0	0.0	0.0	0.0	0.0	0.0	0.0	0.0	0.0	0.0	0.0	0.0	0.0	0.0	0.0	0.0	0.0	0.0	0.0	0.0	0.0	0.0	0.0	0.0	0.0	0.0	0.0	0.0	0.0	0.0	0.0	0.0	0.0	0.0	0.0	0.0	0.0	0.0	0.0	0.0	0.0	0.0	0.0	0.0	0.0	0.0	0.0	0.0	0.0	0.0	
0.0	0.0	0.0	0.0	0.0	0.0	0.0	0.0	0.0	0.0	0.0	0.0	0.0	0.0	0.0	0.0	0.0	0.0	0.0	0.0	0.0	0.0	0.0	0.0	0.0	0.0	0.0	0.0	0.0	0.0	0.0	0.0	0.0	0.0	0.0	0.0	0.0	0.0	0.0	0.0	0.0	0.0	0.0	0.0	0.0	0.0	0.0	0.0	0.0	0.0	0.0	0.0	0.0	0.0	0.0	0.0	0.0	0.0	0.0	0.0	0.0	0.0	0.0	0.0	0.0	0.0	0.0	0.0	0.0	0.0	0.0	0.0	0.0	0.0	0.0	0.0	0.0	0.0	0.0	0.0	0.0	0.0	0.0	0.0	0.0	0.0	0.0	0.0	0.0	0.0	0.0	0.0	0.0	0.0	0.0	0.0	0.0	0.0	0.0	0.0	
0.0	0.0	0.0	0.002	0.0165	0.0376	0.0585	0.0744	0.088	0.0918	0.0945	0.096	0.1018	0.0978	0.0977	0.0989	0.0978	0.0977	0.0958	0.092	0.0955	0.0969	0.101	0.1009	0.0977	0.0974	0.1026	0.1047	0.1033	0.0999	0.1011	0.0969	0.0892	0.0968	0.0979	0.0961	0.0964	0.0988	0.1026	0.0999	0.1015	0.1032	0.104	0.1017	0.1	0.1	0.1015	0.1018	0.104	0.1038	0.1008	0.0974	0.0986	0.0948	0.0976	0.1013	0.0993	0.0957	0.0992	0.1012	0.1031	0.1072	0.1024	0.1045	0.1031	0.1043	0.1003	0.0978	0.0969	0.0988	0.0948	0.1001	0.097	0.0975	0.097	0.0949	0.0972	0.1019	0.1015	0.1039	0.1016	0.0953	0.0952	0.1005	0.0944	0.0995	0.0991	0.0986	0.0983	0.0972	0.0937	0.102	0.0994	0.0989	0.0989	0.0938	0.0975	0.0978	0.0923	0.0925	
0.3335	0.3335	0.3335	0.3335	0.3335	0.3335	0.3335	0.3335	0.3335	0.3335	0.3335	0.3335	0.3335	0.3335	0.3335	0.3335	0.3335	0.3335	0.3335	0.3335	0.3335	0.3335	0.3335	0.3335	0.3335	0.3335	0.3335	0.3335	0.3335	0.3335	0.3335	0.3335	0.3335	0.3335	0.3335	0.3335	0.3335	0.3335	0.3335	0.3335	0.3335	0.3335	0.3335	0.3335	0.3335	0.3335	0.3335	0.3335	0.3335	0.3335	0.3335	0.3335	0.3335	0.3335	0.3335	0.3335	0.3335	0.3335	0.3335	0.3335	0.3335	0.3335	0.3335	0.3335	0.3335	0.3335	0.3335	0.3335	0.3335	0.3335	0.3335	0.3335	0.3335	0.3335	0.3335	0.3335	0.3335	0.3335	0.3335	0.3335	0.3335	0.3335	0.3335	0.3335	0.3335	0.3335	0.3335	0.3335	0.3335	0.3335	0.3335	0.3335	0.3335	0.3335	0.3335	0.3335	0.3335	0.3335	0.3335	0.3335	
0.0	0.0	0.0	0.0	0.0	0.0	0.0	0.0	0.0	0.0	0.0	0.0	0.0	0.0	0.0	0.0	0.0	0.0	0.0	0.0	0.0	0.0	0.0	0.0	0.0	0.0	0.0	0.0	0.0	0.0	0.0	0.0	0.0	0.0	0.0	0.0	0.0	0.0	0.0	0.0	0.0	0.0	0.0	0.0	0.0	0.0	0.0	0.0	0.0	0.0	0.0	0.0	0.0	0.0	0.0	0.0	0.0	0.0	0.0	0.0	0.0	0.0	0.0	0.0	0.0	0.0	0.0	0.0	0.0	0.0	0.0	0.0	0.0	0.0	0.0	0.0	0.0	0.0	0.0	0.0	0.0	0.0	0.0	0.0	0.0	0.0	0.0	0.0	0.0	0.0	0.0	0.0	0.0	0.0	0.0	0.0	0.0	0.0	0.0	0.0	
0.3335	0.3335	0.3335	0.3335	0.3335	0.3335	0.3335	0.3335	0.3335	0.3335	0.3335	0.3335	0.3335	0.3335	0.3335	0.3335	0.3335	0.3335	0.3335	0.3335	0.3335	0.3335	0.3335	0.3335	0.3335	0.3335	0.3335	0.3335	0.3335	0.3335	0.3335	0.3335	0.3335	0.3335	0.3335	0.3335	0.3335	0.3335	0.3335	0.3335	0.3335	0.3335	0.3335	0.3335	0.3335	0.3335	0.3335	0.3335	0.3335	0.3335	0.3335	0.3335	0.3335	0.3335	0.3335	0.3335	0.3335	0.3335	0.3335	0.3335	0.3335	0.3335	0.3335	0.3335	0.3335	0.3335	0.3335	0.3335	0.3335	0.3335	0.3335	0.3335	0.3335	0.3335	0.3335	0.3335	0.3335	0.3335	0.3335	0.3335	0.3335	0.3335	0.3335	0.3335	0.3335	0.3335	0.3335	0.3335	0.3335	0.3335	0.3335	0.3335	0.3335	0.3335	0.3335	0.3335	0.3335	0.3335	0.3335	0.3335	
0.0	0.0	0.0	0.0	0.0	0.0	0.0	4.0E-4	4.0E-4	5.0E-4	0.0012	0.0019	0.003	0.0041	0.0053	0.0072	0.0084	0.0096	0.0111	0.0131	0.0137	0.0152	0.0165	0.0173	0.018	0.0183	0.0184	0.019	0.0195	0.0186	0.0185	0.0197	0.0208	0.0205	0.0212	0.0221	0.022	0.0219	0.0224	0.0225	0.0219	0.022	0.0232	0.0233	0.0224	0.0224	0.0223	0.0223	0.0225	0.0233	0.0234	0.0239	0.0239	0.0238	0.0243	0.0246	0.0256	0.0251	0.0262	0.0265	0.0273	0.0271	0.026	0.0257	0.0259	0.0259	0.0261	0.0261	0.0258	0.0253	0.0252	0.0253	0.0247	0.0251	0.0253	0.0267	0.0269	0.0264	0.0261	0.0246	0.0242	0.0239	0.0245	0.0243	0.0237	0.024	0.0249	0.0245	0.025	0.0249	0.0243	0.0244	0.0256	0.0256	0.025	0.0248	0.026	0.0273	0.0274	0.0273	
1.0	1.0	1.0	1.0	1.0	1.0	1.0	1.0	1.0	1.0	1.0	1.0	1.0	1.0	1.0	1.0	1.0	1.0	1.0	1.0	1.0	1.0	1.0	1.0	1.0	1.0	1.0	1.0	1.0	1.0	1.0	1.0	1.0	1.0	1.0	1.0	1.0	1.0	1.0	1.0	1.0	1.0	1.0	1.0	1.0	1.0	1.0	1.0	1.0	1.0	1.0	1.0	1.0	1.0	1.0	1.0	1.0	1.0	1.0	1.0	1.0	1.0	1.0	1.0	1.0	1.0	1.0	1.0	1.0	1.0	1.0	1.0	1.0	1.0	1.0	1.0	1.0	1.0	1.0	1.0	1.0	1.0	1.0	1.0	1.0	1.0	1.0	1.0	1.0	1.0	1.0	1.0	1.0	1.0	1.0	1.0	1.0	1.0	1.0	1.0	
1.0	1.0	1.0	1.0	0.9986	0.9955	0.9845	0.9696	0.9535	0.9333	0.9256	0.9167	0.907	0.9043	0.9012	0.9019	0.8987	0.905	0.9033	0.9025	0.9049	0.9042	0.9022	0.8992	0.9013	0.9014	0.9002	0.9002	0.904	0.9026	0.9006	0.9007	0.8997	0.9032	0.9027	0.9055	0.9071	0.9051	0.9049	0.9067	0.9007	0.8988	0.8928	0.8971	0.8964	0.8997	0.8961	0.8997	0.8963	0.8969	0.8946	0.8953	0.896	0.8984	0.9013	0.8997	0.9014	0.8999	0.9032	0.9041	0.905	0.8995	0.8982	0.8976	0.8981	0.8978	0.901	0.9006	0.9009	0.9054	0.9064	0.9044	0.9019	0.9026	0.9023	0.9037	0.9058	0.9033	0.9027	0.8977	0.8975	0.8983	0.9011	0.9001	0.899	0.8992	0.903	0.9014	0.9033	0.9053	0.9032	0.9023	0.9039	0.9044	0.9028	0.9023	0.9044	0.9018	0.8995	0.9026	
0.0	0.0	0.0	0.0014	0.0131	0.0356	0.0567	0.0747	0.0813	0.0938	0.0998	0.0995	0.1012	0.1003	0.1027	0.1015	0.1045	0.1032	0.0996	0.1008	0.1019	0.0989	0.1016	0.0964	0.1018	0.0978	0.0975	0.1001	0.1021	0.1053	0.0999	0.1029	0.0991	0.1012	0.0997	0.0969	0.0998	0.0976	0.0982	0.1003	0.1026	0.1015	0.1011	0.1043	0.1	0.1002	0.1003	0.1016	0.1036	0.0974	0.1025	0.0992	0.0991	0.0988	0.0972	0.0977	0.1004	0.1018	0.1027	0.1088	0.1012	0.1062	0.1074	0.1006	0.1026	0.0976	0.1005	0.1007	0.0986	0.104	0.0986	0.098	0.0997	0.0963	0.0955	0.0994	0.0973	0.0936	0.0963	0.0981	0.1014	0.1039	0.1056	0.102	0.0989	0.1019	0.0982	0.0986	0.0961	0.1009	0.0987	0.1021	0.1029	0.1035	0.0994	0.1015	0.1022	0.1021	0.104	0.0987	
0.0	0.0	0.0	0.0162	0.1417	0.3565	0.5733	0.7405	0.8504	0.9205	0.9585	0.9796	0.9899	0.9956	0.9974	0.9986	0.9993	0.9996	0.9999	1.0	1.0	1.0	1.0	1.0	1.0	1.0	1.0	1.0	1.0	1.0	1.0	1.0	1.0	1.0	1.0	1.0	1.0	1.0	1.0	1.0	1.0	1.0	1.0	1.0	1.0	1.0	1.0	1.0	1.0	1.0	1.0	1.0	1.0	1.0	1.0	1.0	1.0	1.0	1.0	1.0	1.0	1.0	1.0	1.0	1.0	1.0	1.0	1.0	1.0	1.0	1.0	1.0	1.0	1.0	1.0	1.0	1.0	1.0	1.0	1.0	1.0	1.0	1.0	1.0	1.0	1.0	1.0	1.0	1.0	1.0	1.0	1.0	1.0	1.0	1.0	1.0	1.0	1.0	1.0	1.0	
0.0	0.0	0.0	0.0	0.0	0.0	0.0	0.0	0.0	0.0	0.0	0.0	0.0	1.0E-4	1.0E-4	1.0E-4	2.0E-4	3.0E-4	6.0E-4	0.0012	0.0015	0.002	0.0023	0.0028	0.0042	0.005	0.006	0.0068	0.0081	0.0093	0.0104	0.0108	0.0119	0.0127	0.0135	0.0147	0.0153	0.0158	0.0164	0.0174	0.0183	0.0187	0.0199	0.0208	0.0219	0.0228	0.023	0.0235	0.0243	0.0251	0.0252	0.0265	0.0275	0.0279	0.0286	0.03	0.0301	0.0302	0.0305	0.0308	0.0312	0.0323	0.0328	0.034	0.0343	0.035	0.036	0.0369	0.0379	0.0388	0.039	0.0389	0.0393	0.04	0.0406	0.041	0.0421	0.0433	0.0436	0.044	0.0445	0.0453	0.0455	0.046	0.0465	0.0466	0.0468	0.0476	0.0476	0.0478	0.0477	0.0477	0.0475	0.0487	0.0496	0.0499	0.0506	0.0514	0.0516	0.0526	
1.0	1.0	1.0	1.0	1.0	0.9993	0.997	0.9912	0.9836	0.9728	0.9585	0.9475	0.9353	0.921	0.9074	0.8974	0.887	0.8797	0.8731	0.8646	0.8556	0.8479	0.8428	0.8385	0.8362	0.8295	0.8281	0.8258	0.8239	0.8242	0.8227	0.8208	0.8199	0.8192	0.818	0.8143	0.8129	0.8095	0.8125	0.8132	0.8103	0.8079	0.8055	0.8043	0.8053	0.8036	0.8005	0.8036	0.8041	0.805	0.8074	0.8097	0.8145	0.813	0.811	0.8137	0.8156	0.8179	0.82	0.8215	0.8195	0.8186	0.8157	0.8154	0.8159	0.8169	0.8173	0.8203	0.8175	0.8181	0.8218	0.8205	0.8182	0.8203	0.8175	0.8159	0.8152	0.8165	0.8162	0.8176	0.8188	0.8209	0.8191	0.8173	0.8152	0.8137	0.8129	0.8133	0.8148	0.8172	0.8187	0.8204	0.8198	0.8202	0.8221	0.8207	0.8199	0.8237	0.8224	0.8234	
0.0	0.0	0.0	0.0	0.0	0.0	0.0	0.0	0.0	0.0	0.0	0.0	2.0E-4	3.0E-4	3.0E-4	8.0E-4	0.0012	0.0017	0.0019	0.0027	0.0034	0.0043	0.0056	0.0068	0.0079	0.0088	0.0094	0.0108	0.0115	0.011	0.0108	0.011	0.0121	0.0133	0.0134	0.0134	0.0129	0.0138	0.0136	0.0147	0.0157	0.0153	0.0159	0.0153	0.0159	0.0161	0.0166	0.0166	0.0164	0.016	0.0164	0.0169	0.0171	0.0182	0.0184	0.0178	0.0171	0.0157	0.0154	0.0155	0.0159	0.0172	0.0176	0.0186	0.0182	0.0179	0.0183	0.0179	0.0188	0.0199	0.0194	0.0205	0.0206	0.0198	0.0202	0.0208	0.0194	0.0192	0.019	0.0194	0.0193	0.0186	0.019	0.0188	0.0198	0.0193	0.0186	0.0186	0.0183	0.018	0.0194	0.0192	0.0198	0.0205	0.0214	0.0215	0.0213	0.0209	0.0209	0.0217	
1.0	1.0	1.0	0.9998	0.9976	0.9919	0.9789	0.9561	0.9331	0.9146	0.8949	0.8794	0.8661	0.8523	0.8473	0.8369	0.8294	0.8301	0.8273	0.822	0.8206	0.8159	0.8171	0.8134	0.8224	0.8214	0.8172	0.8144	0.8178	0.8131	0.8139	0.8133	0.8121	0.8124	0.8117	0.8104	0.8114	0.809	0.8169	0.812	0.8077	0.8074	0.8099	0.8038	0.8019	0.8049	0.8094	0.8081	0.81	0.8123	0.8128	0.8141	0.8138	0.8139	0.8155	0.8162	0.8217	0.8229	0.8182	0.8141	0.8139	0.816	0.8162	0.8164	0.8168	0.8204	0.8197	0.8178	0.8148	0.8144	0.8146	0.8093	0.81	0.8069	0.8108	0.8124	0.8129	0.8131	0.8117	0.8119	0.8152	0.8106	0.8117	0.8115	0.8111	0.8066	0.8108	0.8187	0.8214	0.8231	0.8243	0.8223	0.8184	0.8164	0.8174	0.8215	0.8191	0.8194	0.8161	0.8185	
0.0	0.0	0.0	0.0	0.0	0.0	0.0	0.0	0.0	0.0	0.0	0.0	0.0	0.0	0.0	0.0	0.0	0.0	0.0	0.0	0.0	0.0	0.0	0.0	0.0	0.0	0.0	0.0	0.0	0.0	0.0	0.0	0.0	0.0	0.0	0.0	0.0	0.0	0.0	0.0	0.0	0.0	0.0	0.0	0.0	0.0	0.0	0.0	0.0	0.0	0.0	0.0	0.0	0.0	0.0	0.0	0.0	0.0	0.0	0.0	0.0	0.0	0.0	0.0	0.0	0.0	0.0	0.0	0.0	0.0	0.0	0.0	0.0	0.0	0.0	0.0	0.0	0.0	0.0	0.0	0.0	0.0	0.0	0.0	0.0	0.0	0.0	0.0	0.0	0.0	0.0	0.0	0.0	0.0	0.0	0.0	0.0	0.0	0.0	0.0	
0.0	0.0	0.0	0.0	0.0	0.0	0.0	0.0	0.0	0.0	0.0	0.0	0.0	0.0	0.0	0.0	0.0	0.0	0.0	0.0	0.0	0.0	0.0	0.0	0.0	0.0	0.0	0.0	0.0	0.0	0.0	0.0	0.0	0.0	0.0	0.0	0.0	0.0	0.0	0.0	0.0	0.0	0.0	0.0	0.0	0.0	0.0	0.0	0.0	0.0	0.0	0.0	0.0	0.0	0.0	0.0	0.0	0.0	0.0	0.0	0.0	0.0	0.0	0.0	0.0	0.0	0.0	0.0	0.0	0.0	0.0	0.0	0.0	0.0	0.0	0.0	0.0	0.0	0.0	0.0	0.0	0.0	0.0	0.0	0.0	0.0	0.0	0.0	0.0	0.0	0.0	0.0	0.0	0.0	0.0	0.0	0.0	0.0	0.0	0.0	
1.0	1.0	1.0	1.0	1.0	1.0	1.0	1.0	1.0	1.0	1.0	1.0	1.0	1.0	1.0	1.0	1.0	1.0	1.0	1.0	1.0	1.0	1.0	1.0	1.0	1.0	1.0	1.0	1.0	1.0	1.0	1.0	1.0	1.0	1.0	1.0	1.0	1.0	1.0	1.0	1.0	1.0	1.0	1.0	1.0	1.0	1.0	1.0	1.0	1.0	1.0	1.0	1.0	1.0	1.0	1.0	1.0	1.0	1.0	1.0	1.0	1.0	1.0	1.0	1.0	1.0	1.0	1.0	1.0	1.0	1.0	1.0	1.0	1.0	1.0	1.0	1.0	1.0	1.0	1.0	1.0	1.0	1.0	1.0	1.0	1.0	1.0	1.0	1.0	1.0	1.0	1.0	1.0	1.0	1.0	1.0	1.0	1.0	1.0	1.0	
0.0	0.0	0.0	0.0	8.0E-4	0.0052	0.0149	0.0225	0.0335	0.0436	0.0545	0.0629	0.0679	0.0727	0.0779	0.0813	0.0844	0.0905	0.0937	0.0942	0.0977	0.095	0.0964	0.098	0.0962	0.0946	0.0928	0.0937	0.0971	0.0972	0.0968	0.0971	0.0965	0.098	0.1001	0.0998	0.1002	0.0987	0.0959	0.0957	0.0971	0.0977	0.102	0.1021	0.1042	0.1024	0.1018	0.0997	0.1002	0.0998	0.0996	0.1022	0.1041	0.1059	0.1025	0.1031	0.1024	0.1016	0.1013	0.1039	0.1058	0.108	0.1088	0.1117	0.112	0.1084	0.1075	0.1078	0.1054	0.1026	0.1028	0.1039	0.1055	0.1035	0.102	0.0991	0.103	0.1043	0.103	0.1016	0.1007	0.0998	0.1	0.0989	0.0989	0.0972	0.0969	0.0942	0.0934	0.092	0.0902	0.095	0.0957	0.0958	0.0961	0.0976	0.097	0.099	0.0995	0.1002	
0.0	0.0	0.0	0.0	0.0012	0.0057	0.0133	0.0218	0.0336	0.0448	0.0565	0.0653	0.0739	0.0798	0.0821	0.0897	0.0966	0.1003	0.1042	0.1049	0.1079	0.107	0.1082	0.1124	0.1122	0.1136	0.1135	0.1155	0.117	0.1191	0.1179	0.1203	0.1204	0.1204	0.122	0.1222	0.1219	0.1206	0.1188	0.118	0.1181	0.1202	0.1215	0.1178	0.1178	0.1191	0.1178	0.1176	0.1201	0.1203	0.1202	0.1189	0.1202	0.1214	0.118	0.1181	0.1195	0.1197	0.1197	0.1211	0.1223	0.1247	0.1233	0.1253	0.1237	0.1242	0.1229	0.1253	0.1251	0.123	0.1213	0.1215	0.1189	0.1171	0.1165	0.1185	0.117	0.1186	0.1179	0.1166	0.116	0.1164	0.1197	0.1238	0.1231	0.122	0.123	0.1237	0.1252	0.1253	0.1249	0.1223	0.1208	0.1205	0.1193	0.1207	0.1228	0.1197	0.1177	0.1206	
0.0	0.0	0.0	0.0	0.0	0.0	0.0	0.0	0.0	0.0	0.0	0.0	0.0	0.0	0.0	0.0	0.0	0.0	0.0	0.0	0.0	0.0	0.0	0.0	0.0	0.0	0.0	0.0	0.0	0.0	0.0	0.0	0.0	0.0	0.0	0.0	0.0	0.0	0.0	0.0	0.0	0.0	0.0	0.0	0.0	0.0	0.0	0.0	0.0	0.0	0.0	0.0	0.0	0.0	0.0	0.0	0.0	0.0	0.0	0.0	0.0	0.0	0.0	0.0	0.0	0.0	0.0	0.0	0.0	0.0	0.0	0.0	0.0	0.0	0.0	0.0	0.0	0.0	0.0	0.0	0.0	0.0	0.0	0.0	0.0	0.0	0.0	0.0	0.0	0.0	0.0	0.0	0.0	0.0	0.0	0.0	0.0	0.0	0.0	0.0	
0.3335	0.3335	0.3335	0.3335	0.3335	0.3335	0.3335	0.3335	0.3335	0.3338	0.3342	0.3347	0.3357	0.3362	0.3371	0.338	0.3389	0.3395	0.3408	0.3418	0.3425	0.3435	0.3435	0.3435	0.3442	0.3448	0.3458	0.3463	0.3465	0.3466	0.3461	0.3478	0.3479	0.3487	0.3489	0.3489	0.3485	0.348	0.3487	0.3482	0.3487	0.3485	0.3488	0.349	0.3494	0.3489	0.3487	0.3483	0.3483	0.3488	0.3492	0.3495	0.3494	0.349	0.349	0.3485	0.3486	0.348	0.3486	0.3487	0.3492	0.3498	0.35	0.3507	0.3505	0.351	0.3517	0.3515	0.3517	0.3517	0.3514	0.3514	0.3518	0.3518	0.3514	0.3515	0.3516	0.3515	0.3508	0.3505	0.3505	0.3507	0.3504	0.3506	0.3501	0.3499	0.3495	0.3508	0.3508	0.351	0.3513	0.3508	0.3511	0.3516	0.3512	0.3516	0.3515	0.3519	0.3507	0.3504	
1.0	1.0	1.0	1.0	1.0	1.0	1.0	1.0	1.0	1.0	1.0	1.0	1.0	1.0	1.0	1.0	1.0	1.0	1.0	1.0	1.0	1.0	1.0	1.0	1.0	1.0	1.0	1.0	1.0	1.0	1.0	1.0	1.0	1.0	1.0	1.0	1.0	1.0	1.0	1.0	1.0	1.0	1.0	1.0	1.0	1.0	1.0	1.0	1.0	1.0	1.0	1.0	1.0	1.0	1.0	1.0	1.0	1.0	1.0	1.0	1.0	1.0	1.0	1.0	1.0	1.0	1.0	1.0	1.0	1.0	1.0	1.0	1.0	1.0	1.0	1.0	1.0	1.0	1.0	1.0	1.0	1.0	1.0	1.0	1.0	1.0	1.0	1.0	1.0	1.0	1.0	1.0	1.0	1.0	1.0	1.0	1.0	1.0	1.0	1.0	
1.0	1.0	1.0	1.0	1.0	1.0	1.0	1.0	1.0	1.0	1.0	1.0	1.0	1.0	1.0	1.0	1.0	1.0	1.0	1.0	1.0	1.0	1.0	1.0	1.0	1.0	1.0	1.0	1.0	1.0	1.0	1.0	1.0	1.0	1.0	1.0	1.0	1.0	1.0	1.0	1.0	1.0	1.0	1.0	1.0	1.0	1.0	1.0	1.0	1.0	1.0	1.0	1.0	1.0	1.0	1.0	1.0	1.0	1.0	1.0	1.0	1.0	1.0	1.0	1.0	1.0	1.0	1.0	1.0	1.0	1.0	1.0	1.0	1.0	1.0	1.0	1.0	1.0	1.0	1.0	1.0	1.0	1.0	1.0	1.0	1.0	1.0	1.0	1.0	1.0	1.0	1.0	1.0	1.0	1.0	1.0	1.0	1.0	1.0	1.0	
1.0	1.0	1.0	1.0	1.0	0.9997	0.9985	0.9951	0.9903	0.9801	0.9685	0.9594	0.9479	0.9385	0.9274	0.9181	0.9084	0.8998	0.8956	0.8908	0.8868	0.8814	0.8828	0.8769	0.8725	0.8719	0.8734	0.8687	0.8684	0.8688	0.8676	0.8684	0.8661	0.8664	0.8666	0.867	0.8691	0.8707	0.8709	0.8688	0.8691	0.8694	0.8675	0.8668	0.8652	0.8651	0.8664	0.8654	0.866	0.8671	0.8657	0.8653	0.8643	0.8635	0.8615	0.8654	0.8621	0.8615	0.8608	0.8618	0.8604	0.863	0.8619	0.8634	0.8648	0.8684	0.8646	0.865	0.8641	0.8653	0.8658	0.8672	0.8671	0.8693	0.8731	0.8734	0.8697	0.8665	0.8693	0.8697	0.872	0.87	0.8631	0.8615	0.8599	0.8623	0.8607	0.8619	0.8637	0.8656	0.8652	0.8647	0.8673	0.8685	0.8695	0.8713	0.8704	0.8699	0.869	0.8665	
0.0	0.0	0.0	0.0	0.0	0.0	0.0	0.0	0.0	0.0	0.0	0.0	0.0	0.0	0.0	0.0	0.0	0.0	0.0	0.0	0.0	0.0	0.0	0.0	0.0	0.0	0.0	0.0	0.0	0.0	0.0	0.0	0.0	0.0	0.0	0.0	0.0	0.0	0.0	0.0	0.0	0.0	0.0	0.0	0.0	0.0	0.0	0.0	0.0	0.0	0.0	0.0	0.0	0.0	0.0	0.0	0.0	0.0	0.0	0.0	0.0	0.0	0.0	0.0	0.0	0.0	0.0	0.0	0.0	0.0	0.0	0.0	0.0	0.0	0.0	0.0	0.0	0.0	0.0	0.0	0.0	0.0	0.0	0.0	0.0	0.0	0.0	0.0	0.0	0.0	0.0	0.0	0.0	0.0	0.0	0.0	0.0	0.0	0.0	0.0	
1.0	1.0	1.0	0.737	0.4063	0.1961	0.0873	0.0414	0.0181	0.0073	0.0033	0.0015	8.0E-4	3.0E-4	0.0	0.0	0.0	0.0	0.0	0.0	0.0	0.0	0.0	0.0	0.0	0.0	0.0	0.0	0.0	0.0	0.0	0.0	0.0	0.0	0.0	0.0	0.0	0.0	0.0	0.0	0.0	0.0	0.0	0.0	0.0	0.0	0.0	0.0	0.0	0.0	0.0	0.0	0.0	0.0	0.0	0.0	0.0	0.0	0.0	0.0	0.0	0.0	0.0	0.0	0.0	0.0	0.0	0.0	0.0	0.0	0.0	0.0	0.0	0.0	0.0	0.0	0.0	0.0	0.0	0.0	0.0	0.0	0.0	0.0	0.0	0.0	0.0	0.0	0.0	0.0	0.0	0.0	0.0	0.0	0.0	0.0	0.0	0.0	0.0	0.0	
1.0	1.0	1.0	0.9267	0.6833	0.4217	0.2357	0.1202	0.0595	0.03	0.0138	0.0063	0.0028	0.001	4.0E-4	1.0E-4	0.0	0.0	0.0	0.0	0.0	0.0	0.0	0.0	0.0	0.0	0.0	0.0	0.0	0.0	0.0	0.0	0.0	0.0	0.0	0.0	0.0	0.0	0.0	0.0	0.0	0.0	0.0	0.0	0.0	0.0	0.0	0.0	0.0	0.0	0.0	0.0	0.0	0.0	0.0	0.0	0.0	0.0	0.0	0.0	0.0	0.0	0.0	0.0	0.0	0.0	0.0	0.0	0.0	0.0	0.0	0.0	0.0	0.0	0.0	0.0	0.0	0.0	0.0	0.0	0.0	0.0	0.0	0.0	0.0	0.0	0.0	0.0	0.0	0.0	0.0	0.0	0.0	0.0	0.0	0.0	0.0	0.0	0.0	0.0	
0.0	0.0	0.0	0.0	0.0	0.0	0.0	0.0	0.0	0.0	0.0	0.0	0.0	0.0	0.0	0.0	0.0	0.0	0.0	0.0	0.0	0.0	0.0	0.0	0.0	0.0	0.0	0.0	0.0	0.0	0.0	0.0	0.0	0.0	0.0	0.0	0.0	0.0	0.0	0.0	0.0	0.0	0.0	0.0	0.0	0.0	0.0	0.0	0.0	0.0	0.0	0.0	0.0	0.0	0.0	0.0	0.0	0.0	0.0	0.0	0.0	0.0	0.0	0.0	0.0	0.0	0.0	0.0	0.0	0.0	0.0	0.0	0.0	0.0	0.0	0.0	0.0	0.0	0.0	0.0	0.0	0.0	0.0	0.0	0.0	0.0	0.0	0.0	0.0	0.0	0.0	0.0	0.0	0.0	0.0	0.0	0.0	0.0	0.0	0.0	
1.0	1.0	1.0	0.3642	0.1358	0.0479	0.0197	0.0081	0.0037	0.0011	2.0E-4	1.0E-4	1.0E-4	0.0	0.0	0.0	0.0	0.0	0.0	0.0	0.0	0.0	0.0	0.0	0.0	0.0	0.0	0.0	0.0	0.0	0.0	0.0	0.0	0.0	0.0	0.0	0.0	0.0	0.0	0.0	0.0	0.0	0.0	0.0	0.0	0.0	0.0	0.0	0.0	0.0	0.0	0.0	0.0	0.0	0.0	0.0	0.0	0.0	0.0	0.0	0.0	0.0	0.0	0.0	0.0	0.0	0.0	0.0	0.0	0.0	0.0	0.0	0.0	0.0	0.0	0.0	0.0	0.0	0.0	0.0	0.0	0.0	0.0	0.0	0.0	0.0	0.0	0.0	0.0	0.0	0.0	0.0	0.0	0.0	0.0	0.0	0.0	0.0	0.0	0.0	
0.0	0.0	0.0	0.0	0.0	0.0	0.0	0.0	0.0	0.0	0.0	0.0	0.0	0.0	0.0	0.0	0.0	0.0	0.0	0.0	0.0	0.0	0.0	0.0	0.0	0.0	0.0	0.0	0.0	0.0	0.0	0.0	0.0	0.0	0.0	0.0	0.0	0.0	0.0	0.0	0.0	0.0	0.0	0.0	0.0	0.0	0.0	0.0	0.0	0.0	0.0	0.0	0.0	0.0	0.0	0.0	0.0	0.0	0.0	0.0	0.0	0.0	0.0	0.0	0.0	0.0	0.0	0.0	0.0	0.0	0.0	0.0	0.0	0.0	0.0	0.0	0.0	0.0	0.0	0.0	0.0	0.0	0.0	0.0	0.0	0.0	0.0	0.0	0.0	0.0	0.0	0.0	0.0	0.0	0.0	0.0	0.0	0.0	0.0	0.0	
0.0	0.0	1.0	0.9004	0.9033	0.9048	0.9021	0.9046	0.8983	0.9026	0.9032	0.9006	0.9042	0.9001	0.9079	0.9011	0.905	0.9065	0.9012	0.8984	0.8991	0.9021	0.8983	0.9011	0.9034	0.8994	0.9033	0.9018	0.8954	0.9033	0.9095	0.9068	0.902	0.9014	0.9031	0.9031	0.9039	0.8987	0.9052	0.9069	0.9035	0.9004	0.9009	0.8994	0.905	0.9079	0.9035	0.901	0.9008	0.9032	0.9053	0.9016	0.9016	0.9003	0.8966	0.904	0.9021	0.9077	0.9037	0.8969	0.9034	0.897	0.8964	0.9015	0.9033	0.9033	0.9045	0.9019	0.9036	0.8973	0.9028	0.8984	0.8976	0.9026	0.9075	0.905	0.9056	0.9013	0.9048	0.9027	0.9024	0.8994	0.9015	0.9051	0.9033	0.8993	0.8963	0.906	0.8973	0.9001	0.8975	0.9028	0.9021	0.9018	0.8992	0.9056	0.9051	0.9036	0.9012	0.9061	
1.0	1.0	1.0	0.9217	0.674	0.4185	0.2291	0.1202	0.0615	0.0293	0.0127	0.0057	0.0025	0.0012	5.0E-4	2.0E-4	0.0	0.0	0.0	0.0	0.0	0.0	0.0	0.0	0.0	0.0	0.0	0.0	0.0	0.0	0.0	0.0	0.0	0.0	0.0	0.0	0.0	0.0	0.0	0.0	0.0	0.0	0.0	0.0	0.0	0.0	0.0	0.0	0.0	0.0	0.0	0.0	0.0	0.0	0.0	0.0	0.0	0.0	0.0	0.0	0.0	0.0	0.0	0.0	0.0	0.0	0.0	0.0	0.0	0.0	0.0	0.0	0.0	0.0	0.0	0.0	0.0	0.0	0.0	0.0	0.0	0.0	0.0	0.0	0.0	0.0	0.0	0.0	0.0	0.0	0.0	0.0	0.0	0.0	0.0	0.0	0.0	0.0	0.0	0.0	
1.0	1.0	1.0	1.0	0.9989	0.9949	0.983	0.9688	0.9515	0.9371	0.9268	0.9149	0.9072	0.9087	0.9054	0.9046	0.8973	0.9022	0.9024	0.9046	0.9034	0.9008	0.9039	0.9026	0.9025	0.9039	0.9038	0.9018	0.9027	0.9025	0.9014	0.8999	0.9031	0.9071	0.9067	0.9045	0.904	0.9023	0.9039	0.8997	0.9012	0.8987	0.8964	0.8963	0.8934	0.8993	0.901	0.9002	0.8996	0.8988	0.8952	0.8948	0.8944	0.8971	0.8981	0.9012	0.9039	0.9011	0.9011	0.9029	0.9028	0.9	0.9014	0.8983	0.9001	0.8988	0.8996	0.9027	0.9015	0.9048	0.9029	0.9058	0.9031	0.9022	0.901	0.9014	0.9032	0.907	0.9041	0.8996	0.9013	0.9008	0.9038	0.8993	0.9001	0.9008	0.9047	0.9009	0.9032	0.9002	0.9015	0.9031	0.9024	0.9018	0.8984	0.9032	0.9014	0.9037	0.9019	0.9033	
0.3335	0.3335	0.3335	0.3335	0.3339	0.3369	0.3417	0.3493	0.3567	0.3628	0.3678	0.3738	0.3778	0.3804	0.3836	0.3861	0.389	0.3897	0.3914	0.3928	0.3933	0.3951	0.3964	0.3976	0.3986	0.3992	0.3979	0.3971	0.3996	0.3983	0.3964	0.3977	0.4011	0.4021	0.4002	0.4009	0.3977	0.3958	0.3963	0.3963	0.3957	0.3968	0.3979	0.3996	0.3986	0.3976	0.4007	0.3998	0.4008	0.3994	0.3981	0.4001	0.4003	0.3993	0.4001	0.4005	0.3997	0.399	0.399	0.3998	0.4021	0.4036	0.4042	0.4056	0.4077	0.4081	0.4065	0.407	0.4063	0.4071	0.407	0.4067	0.4047	0.4035	0.4028	0.4023	0.4019	0.4032	0.4019	0.3999	0.4008	0.3981	0.3987	0.3999	0.3994	0.4001	0.3992	0.3981	0.3958	0.3954	0.3972	0.3996	0.3987	0.3967	0.3974	0.3982	0.3971	0.3979	0.3982	0.3997	
0.0	0.0	0.0	9.0E-4	0.0087	0.0265	0.0456	0.0666	0.0797	0.0922	0.0916	0.0962	0.0975	0.0926	0.0939	0.1006	0.1014	0.0994	0.0971	0.1003	0.0977	0.1004	0.1003	0.102	0.1049	0.0981	0.1007	0.1006	0.0996	0.1044	0.101	0.0998	0.098	0.0987	0.1	0.1045	0.1023	0.1024	0.0993	0.1005	0.1022	0.0991	0.101	0.1031	0.1024	0.1029	0.0974	0.1017	0.096	0.0952	0.0983	0.0974	0.0978	0.0942	0.0983	0.1039	0.1047	0.102	0.0957	0.1042	0.1002	0.1035	0.1045	0.099	0.0978	0.0958	0.0997	0.1026	0.0963	0.099	0.0963	0.0965	0.0999	0.0983	0.1003	0.098	0.0979	0.1039	0.0989	0.1015	0.0994	0.0978	0.1041	0.1012	0.0989	0.0981	0.0995	0.0994	0.1043	0.1002	0.1013	0.1018	0.103	0.1004	0.1022	0.1049	0.107	0.1058	0.103	0.1035	
1.0	1.0	1.0	1.0	1.0	1.0	1.0	1.0	1.0	1.0	1.0	1.0	1.0	1.0	1.0	1.0	1.0	1.0	1.0	1.0	1.0	1.0	1.0	1.0	1.0	1.0	1.0	1.0	1.0	1.0	1.0	1.0	1.0	1.0	1.0	1.0	1.0	1.0	1.0	1.0	1.0	1.0	1.0	1.0	1.0	1.0	1.0	1.0	1.0	1.0	1.0	1.0	1.0	1.0	1.0	1.0	1.0	1.0	1.0	1.0	1.0	1.0	1.0	1.0	1.0	1.0	1.0	1.0	1.0	1.0	1.0	1.0	1.0	1.0	1.0	1.0	1.0	1.0	1.0	1.0	1.0	1.0	1.0	1.0	1.0	1.0	1.0	1.0	1.0	1.0	1.0	1.0	1.0	1.0	1.0	1.0	1.0	1.0	1.0	1.0	
1.0	1.0	1.0	1.0	1.0	1.0	1.0	1.0	1.0	1.0	1.0	1.0	1.0	1.0	1.0	1.0	1.0	1.0	1.0	1.0	1.0	1.0	1.0	1.0	1.0	1.0	1.0	1.0	1.0	1.0	1.0	1.0	1.0	1.0	1.0	1.0	1.0	1.0	1.0	1.0	1.0	1.0	1.0	1.0	1.0	1.0	1.0	1.0	1.0	1.0	1.0	1.0	1.0	1.0	1.0	1.0	1.0	1.0	1.0	1.0	1.0	1.0	1.0	1.0	1.0	1.0	1.0	1.0	1.0	1.0	1.0	1.0	1.0	1.0	1.0	1.0	1.0	1.0	1.0	1.0	1.0	1.0	1.0	1.0	1.0	1.0	1.0	1.0	1.0	1.0	1.0	1.0	1.0	1.0	1.0	1.0	1.0	1.0	1.0	1.0	
0.0	0.0	0.0	0.0178	0.1443	0.3527	0.5705	0.7416	0.854	0.9183	0.9562	0.9785	0.9909	0.9951	0.9971	0.9989	0.9994	0.9999	0.9999	0.9999	0.9999	1.0	1.0	1.0	1.0	1.0	1.0	1.0	1.0	1.0	1.0	1.0	1.0	1.0	1.0	1.0	1.0	1.0	1.0	1.0	1.0	1.0	1.0	1.0	1.0	1.0	1.0	1.0	1.0	1.0	1.0	1.0	1.0	1.0	1.0	1.0	1.0	1.0	1.0	1.0	1.0	1.0	1.0	1.0	1.0	1.0	1.0	1.0	1.0	1.0	1.0	1.0	1.0	1.0	1.0	1.0	1.0	1.0	1.0	1.0	1.0	1.0	1.0	1.0	1.0	1.0	1.0	1.0	1.0	1.0	1.0	1.0	1.0	1.0	1.0	1.0	1.0	1.0	1.0	1.0	
1.0	1.0	1.0	1.0	1.0	1.0	1.0	1.0	1.0	1.0	1.0	1.0	1.0	1.0	1.0	1.0	1.0	1.0	1.0	1.0	1.0	1.0	1.0	1.0	1.0	1.0	1.0	1.0	1.0	1.0	1.0	1.0	1.0	1.0	1.0	1.0	1.0	1.0	1.0	1.0	1.0	1.0	1.0	1.0	1.0	1.0	1.0	1.0	1.0	1.0	1.0	1.0	1.0	1.0	1.0	1.0	1.0	1.0	1.0	1.0	1.0	1.0	1.0	1.0	1.0	1.0	1.0	1.0	1.0	1.0	1.0	1.0	1.0	1.0	1.0	1.0	1.0	1.0	1.0	1.0	1.0	1.0	1.0	1.0	1.0	1.0	1.0	1.0	1.0	1.0	1.0	1.0	1.0	1.0	1.0	1.0	1.0	1.0	1.0	1.0	
1.0	1.0	1.0	1.0	1.0	1.0	1.0	1.0	1.0	1.0	1.0	1.0	1.0	1.0	1.0	1.0	1.0	1.0	1.0	1.0	1.0	1.0	1.0	1.0	1.0	1.0	1.0	1.0	1.0	1.0	1.0	1.0	1.0	1.0	1.0	1.0	1.0	1.0	1.0	1.0	1.0	1.0	1.0	1.0	1.0	1.0	1.0	1.0	1.0	1.0	1.0	1.0	1.0	1.0	1.0	1.0	1.0	1.0	1.0	1.0	1.0	1.0	1.0	1.0	1.0	1.0	1.0	1.0	1.0	1.0	1.0	1.0	1.0	1.0	1.0	1.0	1.0	1.0	1.0	1.0	1.0	1.0	1.0	1.0	1.0	1.0	1.0	1.0	1.0	1.0	1.0	1.0	1.0	1.0	1.0	1.0	1.0	1.0	1.0	1.0	
1.0	1.0	1.0	1.0	1.0	1.0	1.0	1.0	1.0	1.0	1.0	1.0	1.0	1.0	1.0	1.0	1.0	1.0	1.0	1.0	1.0	1.0	1.0	1.0	1.0	1.0	1.0	1.0	1.0	1.0	1.0	1.0	1.0	1.0	1.0	1.0	1.0	1.0	1.0	1.0	1.0	1.0	1.0	1.0	1.0	1.0	1.0	1.0	1.0	1.0	1.0	1.0	1.0	1.0	1.0	1.0	1.0	1.0	1.0	1.0	1.0	1.0	1.0	1.0	1.0	1.0	1.0	1.0	1.0	1.0	1.0	1.0	1.0	1.0	1.0	1.0	1.0	1.0	1.0	1.0	1.0	1.0	1.0	1.0	1.0	1.0	1.0	1.0	1.0	1.0	1.0	1.0	1.0	1.0	1.0	1.0	1.0	1.0	1.0	1.0	
0.5	0.5	0.5	0.5	0.499975	0.499825	0.4994	0.498825	0.4968375	0.493675	0.4899625	0.4856875	0.4807875	0.47545	0.4707625	0.4662375	0.4621125	0.4585	0.4552625	0.452075	0.448625	0.445275	0.443	0.4413125	0.4386375	0.438125	0.4372875	0.436425	0.4354125	0.435075	0.434675	0.4335375	0.4329875	0.4329625	0.4316875	0.431075	0.4312875	0.430975	0.430675	0.4307	0.4306375	0.4311	0.4309	0.43205	0.43195	0.4313875	0.4306	0.43095	0.431325	0.4310625	0.4311	0.4316625	0.4315125	0.4321625	0.431525	0.433125	0.4335125	0.4351	0.43655	0.43695	0.4378625	0.4382875	0.437875	0.4386	0.43905	0.4395375	0.4401125	0.4404375	0.442075	0.4419125	0.44245	0.44295	0.4434875	0.4440375	0.4447375	0.4449	0.4438875	0.4441625	0.4451375	0.4451875	0.4460125	0.4461875	0.4460875	0.4460125	0.4460125	0.445375	0.44435	0.44345	0.4441875	0.4445875	0.444725	0.4461125	0.44665	0.4469625	0.4487125	0.4492125	0.4504625	0.4509375	0.4512875	0.45155	
0.0	0.0	0.0	2.5E-5	1.75E-4	0.001	0.003275	0.006175	0.010125	0.0149	0.0201	0.025025	0.03055	0.036175	0.041625	0.04725	0.053	0.058575	0.063625	0.0687	0.0741	0.07925	0.084125	0.08925	0.09405	0.099025	0.103425	0.108375	0.11325	0.118275	0.1219	0.125925	0.129725	0.1339	0.13795	0.141525	0.145125	0.14905	0.1523	0.15535	0.158825	0.162225	0.1649	0.167775	0.170625	0.1735	0.1767	0.18	0.183025	0.186	0.188325	0.1911	0.1936	0.1961	0.1986	0.20095	0.203475	0.2058	0.208425	0.210775	0.2124	0.21455	0.21655	0.21905	0.221	0.22305	0.22495	0.227075	0.22895	0.230825	0.2331	0.235	0.2368	0.2385	0.239725	0.241325	0.243025	0.24465	0.246225	0.2481	0.2492	0.2505	0.251875	0.25315	0.2547	0.25585	0.2571	0.25855	0.25985	0.26105	0.261975	0.2631	0.26435	0.2653	0.2661	0.267425	0.2684	0.26915	0.270025	0.271075	
